AVERAGE_WEIGHT_VALUE=0.0367394160789748
AVERAGE_INPUT_VALUE=0.8657167877916234
ADC_ACTION_SHARE=0.51879070878088
CIM_UNITS_PER_WEIGHT=3
