AVERAGE_WEIGHT_VALUE=0.00860942195979888
AVERAGE_INPUT_VALUE=0.4008987102332333
ADC_ACTION_SHARE=0.3788382845285308
CIM_UNITS_PER_WEIGHT=8
