AVERAGE_WEIGHT_VALUE=0.033463919048921924
AVERAGE_INPUT_VALUE=0.21466879925434507
ADC_ACTION_SHARE=0.4395593908087538
CIM_UNITS_PER_WEIGHT=3
