AVERAGE_WEIGHT_VALUE=0.1243507671984844
AVERAGE_INPUT_VALUE=0.16364313772849765
ADC_ACTION_SHARE=0.5529512445278844
CIM_UNITS_PER_WEIGHT=2
