AVERAGE_WEIGHT_VALUE=0.08310648600260416
AVERAGE_INPUT_VALUE=0.5632479584681075
ADC_ACTION_SHARE=0.5836876954750291
CIM_UNITS_PER_WEIGHT=2
