AVERAGE_WEIGHT_VALUE=0.04188777075873481
AVERAGE_INPUT_VALUE=0.20132331540940238
ADC_ACTION_SHARE=0.4233510929396423
CIM_UNITS_PER_WEIGHT=3
