AVERAGE_WEIGHT_VALUE=0.03664017783270942
AVERAGE_INPUT_VALUE=0.1660626615870572
ADC_ACTION_SHARE=0.4127146059703947
CIM_UNITS_PER_WEIGHT=3
