AVERAGE_WEIGHT_VALUE=0.03803986443413629
AVERAGE_INPUT_VALUE=0.1943166763730238
ADC_ACTION_SHARE=0.4308792050587871
CIM_UNITS_PER_WEIGHT=3
