AVERAGE_WEIGHT_VALUE=0.031704044342041014
AVERAGE_INPUT_VALUE=0.15008355271633977
ADC_ACTION_SHARE=0.4169737538808255
CIM_UNITS_PER_WEIGHT=3
