AVERAGE_WEIGHT_VALUE=0.07549641880517205
AVERAGE_INPUT_VALUE=0.25412902448759284
ADC_ACTION_SHARE=0.48422150010989595
CIM_UNITS_PER_WEIGHT=2
