AVERAGE_WEIGHT_VALUE=0.037405904134114584
AVERAGE_INPUT_VALUE=0.4231927487456797
ADC_ACTION_SHARE=0.4962166946396113
CIM_UNITS_PER_WEIGHT=3
