AVERAGE_WEIGHT_VALUE=0.11434648362919689
AVERAGE_INPUT_VALUE=0.19034352133480537
ADC_ACTION_SHARE=0.5813274744169099
CIM_UNITS_PER_WEIGHT=2
