AVERAGE_WEIGHT_VALUE=0.03051865895589193
AVERAGE_INPUT_VALUE=0.13700073803225485
ADC_ACTION_SHARE=0.4123222642424697
CIM_UNITS_PER_WEIGHT=3
