AVERAGE_WEIGHT_VALUE=0.111380119373401
AVERAGE_INPUT_VALUE=0.19482939094521975
ADC_ACTION_SHARE=0.6058404923265149
CIM_UNITS_PER_WEIGHT=2
