AVERAGE_WEIGHT_VALUE=0.12730379612573112
AVERAGE_INPUT_VALUE=0.16285112685864872
ADC_ACTION_SHARE=0.5547611016444289
CIM_UNITS_PER_WEIGHT=2
