AVERAGE_WEIGHT_VALUE=0.12367169512435794
AVERAGE_INPUT_VALUE=0.19793978103559262
ADC_ACTION_SHARE=0.5931462283830143
CIM_UNITS_PER_WEIGHT=2
