AVERAGE_WEIGHT_VALUE=0.12479756502434611
AVERAGE_INPUT_VALUE=0.2012925316170846
ADC_ACTION_SHARE=0.5998774497854775
CIM_UNITS_PER_WEIGHT=2
