AVERAGE_WEIGHT_VALUE=0.0393138673570421
AVERAGE_INPUT_VALUE=0.16654708659051365
ADC_ACTION_SHARE=0.4172188499379594
CIM_UNITS_PER_WEIGHT=3
