AVERAGE_WEIGHT_VALUE=0.12254706687526777
AVERAGE_INPUT_VALUE=0.17764812153115367
ADC_ACTION_SHARE=0.5678758053353892
CIM_UNITS_PER_WEIGHT=2
