AVERAGE_WEIGHT_VALUE=0.023479885525173612
AVERAGE_INPUT_VALUE=0.5048683909030203
ADC_ACTION_SHARE=0.41345867298533595
CIM_UNITS_PER_WEIGHT=3
