AVERAGE_WEIGHT_VALUE=0.027703687879774303
AVERAGE_INPUT_VALUE=0.21853002821782974
ADC_ACTION_SHARE=0.4050977591501559
CIM_UNITS_PER_WEIGHT=3
