AVERAGE_WEIGHT_VALUE=0.03614264594184027
AVERAGE_INPUT_VALUE=0.1688306151075967
ADC_ACTION_SHARE=0.4147761596026102
CIM_UNITS_PER_WEIGHT=3
