AVERAGE_WEIGHT_VALUE=0.0311900880601671
AVERAGE_INPUT_VALUE=0.14590293182990605
ADC_ACTION_SHARE=0.4131659161525829
CIM_UNITS_PER_WEIGHT=3
