AVERAGE_WEIGHT_VALUE=0.04062185287475586
AVERAGE_INPUT_VALUE=0.17995559961344038
ADC_ACTION_SHARE=0.41057560629527506
CIM_UNITS_PER_WEIGHT=3
