AVERAGE_WEIGHT_VALUE=0.03892636828952366
AVERAGE_INPUT_VALUE=0.28151120478677666
ADC_ACTION_SHARE=0.44420597373884263
CIM_UNITS_PER_WEIGHT=3
