AVERAGE_WEIGHT_VALUE=0.032717323303222655
AVERAGE_INPUT_VALUE=0.34991691395021207
ADC_ACTION_SHARE=0.4631239813392139
CIM_UNITS_PER_WEIGHT=3
