AVERAGE_WEIGHT_VALUE=0.03477560679117839
AVERAGE_INPUT_VALUE=0.15229749317104047
ADC_ACTION_SHARE=0.40947158916841303
CIM_UNITS_PER_WEIGHT=3
