AVERAGE_WEIGHT_VALUE=0.03903571234809027
AVERAGE_INPUT_VALUE=0.16305411336474712
ADC_ACTION_SHARE=0.41410722297352126
CIM_UNITS_PER_WEIGHT=3
