AVERAGE_WEIGHT_VALUE=0.039035405053032775
AVERAGE_INPUT_VALUE=0.17835884337433516
ADC_ACTION_SHARE=0.4201094141997928
CIM_UNITS_PER_WEIGHT=3
