AVERAGE_WEIGHT_VALUE=0.031563727060953777
AVERAGE_INPUT_VALUE=0.15373482008958994
ADC_ACTION_SHARE=0.4157566071190564
CIM_UNITS_PER_WEIGHT=3
