AVERAGE_WEIGHT_VALUE=0.03477926254272461
AVERAGE_INPUT_VALUE=0.35389344005625617
ADC_ACTION_SHARE=0.4609852575459246
CIM_UNITS_PER_WEIGHT=3
