AVERAGE_WEIGHT_VALUE=0.04065762095981174
AVERAGE_INPUT_VALUE=0.2711881559106206
ADC_ACTION_SHARE=0.428862029373259
CIM_UNITS_PER_WEIGHT=3
