AVERAGE_WEIGHT_VALUE=0.123465644789394
AVERAGE_INPUT_VALUE=0.18516518340883584
ADC_ACTION_SHARE=0.5833707595519382
CIM_UNITS_PER_WEIGHT=2
