AVERAGE_WEIGHT_VALUE=0.08972066243489583
AVERAGE_INPUT_VALUE=0.22645844568200793
ADC_ACTION_SHARE=0.5933372053079351
CIM_UNITS_PER_WEIGHT=2
