AVERAGE_WEIGHT_VALUE=0.13123235644598025
AVERAGE_INPUT_VALUE=0.1328232330031632
ADC_ACTION_SHARE=0.5115083017220975
CIM_UNITS_PER_WEIGHT=2
