AVERAGE_WEIGHT_VALUE=0.0424708366394043
AVERAGE_INPUT_VALUE=0.19979650706532373
ADC_ACTION_SHARE=0.41608750369408565
CIM_UNITS_PER_WEIGHT=3
