AVERAGE_WEIGHT_VALUE=0.03729945077146921
AVERAGE_INPUT_VALUE=0.23002007334290575
ADC_ACTION_SHARE=0.4178228548212992
CIM_UNITS_PER_WEIGHT=3
