AVERAGE_WEIGHT_VALUE=0.034465460644827944
AVERAGE_INPUT_VALUE=0.22290930198525416
ADC_ACTION_SHARE=0.4336213898141597
CIM_UNITS_PER_WEIGHT=3
