AVERAGE_WEIGHT_VALUE=0.03466509713066949
AVERAGE_INPUT_VALUE=0.3645443124745583
ADC_ACTION_SHARE=0.4610759423877527
CIM_UNITS_PER_WEIGHT=3
