AVERAGE_WEIGHT_VALUE=0.035101922115104066
AVERAGE_INPUT_VALUE=0.17829165858407733
ADC_ACTION_SHARE=0.4206245335140179
CIM_UNITS_PER_WEIGHT=3
