AVERAGE_WEIGHT_VALUE=0.09886870003150156
AVERAGE_INPUT_VALUE=0.16314722688227876
ADC_ACTION_SHARE=0.5624340744070073
CIM_UNITS_PER_WEIGHT=2
