AVERAGE_WEIGHT_VALUE=0.03711658053927951
AVERAGE_INPUT_VALUE=0.36917234765121654
ADC_ACTION_SHARE=0.47694239129155885
CIM_UNITS_PER_WEIGHT=3
