AVERAGE_WEIGHT_VALUE=0.03452944225735134
AVERAGE_INPUT_VALUE=0.14685879520390613
ADC_ACTION_SHARE=0.40876735858839036
CIM_UNITS_PER_WEIGHT=3
