AVERAGE_WEIGHT_VALUE=0.1198615189952155
AVERAGE_INPUT_VALUE=0.30454132425987673
ADC_ACTION_SHARE=0.5819041216228571
CIM_UNITS_PER_WEIGHT=2
