AVERAGE_WEIGHT_VALUE=0.035101159413655596
AVERAGE_INPUT_VALUE=0.36519229686824806
ADC_ACTION_SHARE=0.4634449322401206
CIM_UNITS_PER_WEIGHT=3
