AVERAGE_WEIGHT_VALUE=0.0427668571472168
AVERAGE_INPUT_VALUE=0.19979650706532373
ADC_ACTION_SHARE=0.42300278705856753
CIM_UNITS_PER_WEIGHT=3
