AVERAGE_WEIGHT_VALUE=0.04104816383785671
AVERAGE_INPUT_VALUE=0.1762324488687865
ADC_ACTION_SHARE=0.41096062582358384
CIM_UNITS_PER_WEIGHT=3
