AVERAGE_WEIGHT_VALUE=0.03842959933810764
AVERAGE_INPUT_VALUE=0.275341155138438
ADC_ACTION_SHARE=0.45888500944119953
CIM_UNITS_PER_WEIGHT=3
