AVERAGE_WEIGHT_VALUE=0.03658328586154514
AVERAGE_INPUT_VALUE=0.21147392010902244
ADC_ACTION_SHARE=0.43767474072297946
CIM_UNITS_PER_WEIGHT=3
