AVERAGE_WEIGHT_VALUE=0.0376660770840115
AVERAGE_INPUT_VALUE=0.29334894724118543
ADC_ACTION_SHARE=0.44279337591872303
CIM_UNITS_PER_WEIGHT=3
