AVERAGE_WEIGHT_VALUE=0.03154374228583442
AVERAGE_INPUT_VALUE=0.15846848802826358
ADC_ACTION_SHARE=0.42936381317363953
CIM_UNITS_PER_WEIGHT=3
