AVERAGE_WEIGHT_VALUE=0.0394450929429796
AVERAGE_INPUT_VALUE=0.13946179641228248
ADC_ACTION_SHARE=0.40201795768352794
CIM_UNITS_PER_WEIGHT=3
