AVERAGE_WEIGHT_VALUE=0.03717029359605577
AVERAGE_INPUT_VALUE=0.3051138154600811
ADC_ACTION_SHARE=0.44661412868484307
CIM_UNITS_PER_WEIGHT=3
