AVERAGE_WEIGHT_VALUE=0.030674913194444445
AVERAGE_INPUT_VALUE=0.34400775695394237
ADC_ACTION_SHARE=0.42063039658537565
CIM_UNITS_PER_WEIGHT=3
