AVERAGE_WEIGHT_VALUE=0.10996240840759128
AVERAGE_INPUT_VALUE=0.14924149384932034
ADC_ACTION_SHARE=0.5373705736700873
CIM_UNITS_PER_WEIGHT=2
