AVERAGE_WEIGHT_VALUE=0.10167965613460789
AVERAGE_INPUT_VALUE=0.17766391875041818
ADC_ACTION_SHARE=0.5767257006484128
CIM_UNITS_PER_WEIGHT=2
