AVERAGE_WEIGHT_VALUE=0.11935839992462813
AVERAGE_INPUT_VALUE=0.04441319650051942
ADC_ACTION_SHARE=0.44558481987611764
CIM_UNITS_PER_WEIGHT=2
