AVERAGE_WEIGHT_VALUE=0.030037498474121092
AVERAGE_INPUT_VALUE=0.13917906854180007
ADC_ACTION_SHARE=0.41622702606189993
CIM_UNITS_PER_WEIGHT=3
