AVERAGE_WEIGHT_VALUE=0.04218925370110406
AVERAGE_INPUT_VALUE=0.2107632706844775
ADC_ACTION_SHARE=0.4283429892748245
CIM_UNITS_PER_WEIGHT=3
