AVERAGE_WEIGHT_VALUE=0.11830184280406683
AVERAGE_INPUT_VALUE=0.19269820792230993
ADC_ACTION_SHARE=0.594737599036538
CIM_UNITS_PER_WEIGHT=2
