AVERAGE_WEIGHT_VALUE=0.034620009528266056
AVERAGE_INPUT_VALUE=0.33766865662471446
ADC_ACTION_SHARE=0.45387366285166336
CIM_UNITS_PER_WEIGHT=3
