AVERAGE_WEIGHT_VALUE=0.038517432742648655
AVERAGE_INPUT_VALUE=0.2863600441642634
ADC_ACTION_SHARE=0.44349182227277817
CIM_UNITS_PER_WEIGHT=3
