AVERAGE_WEIGHT_VALUE=0.12045587731602912
AVERAGE_INPUT_VALUE=0.16475674796934903
ADC_ACTION_SHARE=0.5513732279258197
CIM_UNITS_PER_WEIGHT=2
