AVERAGE_WEIGHT_VALUE=0.04008780585394965
AVERAGE_INPUT_VALUE=0.5227581041513004
ADC_ACTION_SHARE=0.4431631753846963
CIM_UNITS_PER_WEIGHT=3
