AVERAGE_WEIGHT_VALUE=0.0400861316257053
AVERAGE_INPUT_VALUE=0.24778366944545788
ADC_ACTION_SHARE=0.4354216567322731
CIM_UNITS_PER_WEIGHT=3
