AVERAGE_WEIGHT_VALUE=0.034799957275390626
AVERAGE_INPUT_VALUE=0.14822943773104058
ADC_ACTION_SHARE=0.41676425613776596
CIM_UNITS_PER_WEIGHT=3
