AVERAGE_WEIGHT_VALUE=0.11427245292191704
AVERAGE_INPUT_VALUE=0.20595049148906378
ADC_ACTION_SHARE=0.5981620741427862
CIM_UNITS_PER_WEIGHT=2
