AVERAGE_WEIGHT_VALUE=0.11704805198096438
AVERAGE_INPUT_VALUE=0.10535625130024798
ADC_ACTION_SHARE=0.4885086502243299
CIM_UNITS_PER_WEIGHT=2
