AVERAGE_WEIGHT_VALUE=0.03331193363087045
AVERAGE_INPUT_VALUE=0.3100877470268564
ADC_ACTION_SHARE=0.4001796365612083
CIM_UNITS_PER_WEIGHT=3
