AVERAGE_WEIGHT_VALUE=0.11988932155072689
AVERAGE_INPUT_VALUE=0.31494901873128806
ADC_ACTION_SHARE=0.5916930786777466
CIM_UNITS_PER_WEIGHT=2
