AVERAGE_WEIGHT_VALUE=0.03907046847873264
AVERAGE_INPUT_VALUE=0.34334318361194305
ADC_ACTION_SHARE=0.47376986594963694
CIM_UNITS_PER_WEIGHT=3
