AVERAGE_WEIGHT_VALUE=0.036015054914686415
AVERAGE_INPUT_VALUE=0.322140181482563
ADC_ACTION_SHARE=0.4568551469803048
CIM_UNITS_PER_WEIGHT=3
