AVERAGE_WEIGHT_VALUE=0.032766564687093096
AVERAGE_INPUT_VALUE=0.3102614314968727
ADC_ACTION_SHARE=0.47006053507584267
CIM_UNITS_PER_WEIGHT=3
