AVERAGE_WEIGHT_VALUE=0.032787291208902995
AVERAGE_INPUT_VALUE=0.173446353143335
ADC_ACTION_SHARE=0.4440071620300403
CIM_UNITS_PER_WEIGHT=3
