AVERAGE_WEIGHT_VALUE=0.10221128195989877
AVERAGE_INPUT_VALUE=0.18063987315353863
ADC_ACTION_SHARE=0.5816453833711364
CIM_UNITS_PER_WEIGHT=2
