AVERAGE_WEIGHT_VALUE=0.04355374640888638
AVERAGE_INPUT_VALUE=0.17911576377697147
ADC_ACTION_SHARE=0.41272805186534284
CIM_UNITS_PER_WEIGHT=3
