AVERAGE_WEIGHT_VALUE=0.035732767317030165
AVERAGE_INPUT_VALUE=0.3014089715682892
ADC_ACTION_SHARE=0.44495486000498263
CIM_UNITS_PER_WEIGHT=3
