AVERAGE_WEIGHT_VALUE=0.036557939317491316
AVERAGE_INPUT_VALUE=0.16066634242906191
ADC_ACTION_SHARE=0.4167031405348521
CIM_UNITS_PER_WEIGHT=3
