AVERAGE_WEIGHT_VALUE=0.03385565016004775
AVERAGE_INPUT_VALUE=0.405630201598452
ADC_ACTION_SHARE=0.5412094238652755
CIM_UNITS_PER_WEIGHT=3
