AVERAGE_WEIGHT_VALUE=0.024635823567708333
AVERAGE_INPUT_VALUE=0.43355060950809937
ADC_ACTION_SHARE=0.431438640127126
CIM_UNITS_PER_WEIGHT=3
