AVERAGE_WEIGHT_VALUE=0.1219684196015199
AVERAGE_INPUT_VALUE=0.18726091981012666
ADC_ACTION_SHARE=0.5870915714592215
CIM_UNITS_PER_WEIGHT=2
