AVERAGE_WEIGHT_VALUE=0.037129412757025824
AVERAGE_INPUT_VALUE=0.2830706137643657
ADC_ACTION_SHARE=0.43940229635613615
CIM_UNITS_PER_WEIGHT=3
