AVERAGE_WEIGHT_VALUE=0.12693911157548426
AVERAGE_INPUT_VALUE=0.2826325670652591
ADC_ACTION_SHARE=0.602480381963745
CIM_UNITS_PER_WEIGHT=2
