AVERAGE_WEIGHT_VALUE=0.033250639173719614
AVERAGE_INPUT_VALUE=0.14286321691623746
ADC_ACTION_SHARE=0.413236631745132
CIM_UNITS_PER_WEIGHT=3
