AVERAGE_WEIGHT_VALUE=0.03441135732250081
AVERAGE_INPUT_VALUE=0.21701777391007135
ADC_ACTION_SHARE=0.4286427108333637
CIM_UNITS_PER_WEIGHT=3
