AVERAGE_WEIGHT_VALUE=0.03632364273071289
AVERAGE_INPUT_VALUE=0.30699094167870034
ADC_ACTION_SHARE=0.4444049663124754
CIM_UNITS_PER_WEIGHT=3
