AVERAGE_WEIGHT_VALUE=0.031028323703342013
AVERAGE_INPUT_VALUE=0.2152019344584159
ADC_ACTION_SHARE=0.4639430574545509
CIM_UNITS_PER_WEIGHT=3
