AVERAGE_WEIGHT_VALUE=0.03417139053344727
AVERAGE_INPUT_VALUE=0.32776197999600765
ADC_ACTION_SHARE=0.4482766873589421
CIM_UNITS_PER_WEIGHT=3
