AVERAGE_WEIGHT_VALUE=0.12958081165949503
AVERAGE_INPUT_VALUE=0.2739362367182576
ADC_ACTION_SHARE=0.6351294351655283
CIM_UNITS_PER_WEIGHT=2
