AVERAGE_WEIGHT_VALUE=0.04181307686699762
AVERAGE_INPUT_VALUE=0.22363646720951882
ADC_ACTION_SHARE=0.4305356305515118
CIM_UNITS_PER_WEIGHT=3
