AVERAGE_WEIGHT_VALUE=0.049031575520833336
AVERAGE_INPUT_VALUE=0.5632479584681075
ADC_ACTION_SHARE=0.48786144159985556
CIM_UNITS_PER_WEIGHT=2
