AVERAGE_WEIGHT_VALUE=0.03911600112915039
AVERAGE_INPUT_VALUE=0.16060718552562916
ADC_ACTION_SHARE=0.4106571564736355
CIM_UNITS_PER_WEIGHT=3
