AVERAGE_WEIGHT_VALUE=0.03575124740600586
AVERAGE_INPUT_VALUE=0.28258998991424183
ADC_ACTION_SHARE=0.43814729118107437
CIM_UNITS_PER_WEIGHT=3
