AVERAGE_WEIGHT_VALUE=0.03465201059977214
AVERAGE_INPUT_VALUE=0.15211534338509825
ADC_ACTION_SHARE=0.414470534527917
CIM_UNITS_PER_WEIGHT=3
