AVERAGE_WEIGHT_VALUE=0.0399746576944987
AVERAGE_INPUT_VALUE=0.34334318361194305
ADC_ACTION_SHARE=0.47703470977658596
CIM_UNITS_PER_WEIGHT=3
