AVERAGE_WEIGHT_VALUE=0.08239836798359951
AVERAGE_INPUT_VALUE=0.16051239602246947
ADC_ACTION_SHARE=0.4603024162114172
CIM_UNITS_PER_WEIGHT=2
