AVERAGE_WEIGHT_VALUE=0.037065516577826606
AVERAGE_INPUT_VALUE=0.2993695946570004
ADC_ACTION_SHARE=0.4488235236087503
CIM_UNITS_PER_WEIGHT=3
