AVERAGE_WEIGHT_VALUE=0.040018463134765626
AVERAGE_INPUT_VALUE=0.5227581041513004
ADC_ACTION_SHARE=0.4372355314957166
CIM_UNITS_PER_WEIGHT=3
