AVERAGE_WEIGHT_VALUE=0.03843070136176215
AVERAGE_INPUT_VALUE=0.17111027523939776
ADC_ACTION_SHARE=0.4171219081051021
CIM_UNITS_PER_WEIGHT=3
