AVERAGE_WEIGHT_VALUE=0.040010494656032985
AVERAGE_INPUT_VALUE=0.26117708328909894
ADC_ACTION_SHARE=0.4413994944097121
CIM_UNITS_PER_WEIGHT=3
