AVERAGE_WEIGHT_VALUE=0.06122685158625245
AVERAGE_INPUT_VALUE=0.22537166703795453
ADC_ACTION_SHARE=0.4965365800234149
CIM_UNITS_PER_WEIGHT=2
