AVERAGE_WEIGHT_VALUE=0.03252816730075412
AVERAGE_INPUT_VALUE=0.1445489496092206
ADC_ACTION_SHARE=0.41353032819113883
CIM_UNITS_PER_WEIGHT=3
