AVERAGE_WEIGHT_VALUE=0.1205550606866988
AVERAGE_INPUT_VALUE=0.17197602829477077
ADC_ACTION_SHARE=0.5696132165501782
CIM_UNITS_PER_WEIGHT=2
