AVERAGE_WEIGHT_VALUE=0.03904601203070746
AVERAGE_INPUT_VALUE=0.2733639228246003
ADC_ACTION_SHARE=0.4409398984032493
CIM_UNITS_PER_WEIGHT=3
