AVERAGE_WEIGHT_VALUE=0.03578240076700846
AVERAGE_INPUT_VALUE=0.36377168564218976
ADC_ACTION_SHARE=0.46592363898849315
CIM_UNITS_PER_WEIGHT=3
