AVERAGE_WEIGHT_VALUE=0.13531036376953126
AVERAGE_INPUT_VALUE=0.13099116137257152
ADC_ACTION_SHARE=1.0
CIM_UNITS_PER_WEIGHT=2
SPECULATION_ENABLED=0
