AVERAGE_WEIGHT_VALUE=0.030292727342910237
AVERAGE_INPUT_VALUE=0.23992167424313965
ADC_ACTION_SHARE=1.0
CIM_UNITS_PER_WEIGHT=3
SPECULATION_ENABLED=0
