AVERAGE_WEIGHT_VALUE=0.03892083834442828
AVERAGE_INPUT_VALUE=0.16649372336230175
ADC_ACTION_SHARE=1.0
CIM_UNITS_PER_WEIGHT=3
SPECULATION_ENABLED=0
