AVERAGE_WEIGHT_VALUE=0.03859759958771368
AVERAGE_INPUT_VALUE=0.04907979371630437
ADC_ACTION_SHARE=1.0
CIM_UNITS_PER_WEIGHT=3
SPECULATION_ENABLED=0
