AVERAGE_WEIGHT_VALUE=0.04041020455640844
AVERAGE_INPUT_VALUE=0.04901364078000843
ADC_ACTION_SHARE=1.0
CIM_UNITS_PER_WEIGHT=3
SPECULATION_ENABLED=0
