AVERAGE_WEIGHT_VALUE=0.04020763587258343
AVERAGE_INPUT_VALUE=0.06581780086519447
ADC_ACTION_SHARE=1.0
CIM_UNITS_PER_WEIGHT=3
SPECULATION_ENABLED=0
