AVERAGE_WEIGHT_VALUE=0.04070125763408012
AVERAGE_INPUT_VALUE=0.12773026190437747
ADC_ACTION_SHARE=1.0
CIM_UNITS_PER_WEIGHT=3
SPECULATION_ENABLED=0
