AVERAGE_WEIGHT_VALUE=0.047759124967787
AVERAGE_INPUT_VALUE=0.22123588850574322
ADC_ACTION_SHARE=0.4123459261814793
CIM_UNITS_PER_WEIGHT=3
