AVERAGE_WEIGHT_VALUE=0.042002790255679025
AVERAGE_INPUT_VALUE=0.18712880265006293
ADC_ACTION_SHARE=0.3962526278705763
CIM_UNITS_PER_WEIGHT=3
