AVERAGE_WEIGHT_VALUE=0.04748527606328328
AVERAGE_INPUT_VALUE=0.23552378888478903
ADC_ACTION_SHARE=0.4170869943982449
CIM_UNITS_PER_WEIGHT=3
