AVERAGE_WEIGHT_VALUE=0.04634086688359578
AVERAGE_INPUT_VALUE=0.28043483472313235
ADC_ACTION_SHARE=0.42650931196359637
CIM_UNITS_PER_WEIGHT=3
