AVERAGE_WEIGHT_VALUE=0.04661733408768972
AVERAGE_INPUT_VALUE=0.23552378888478903
ADC_ACTION_SHARE=0.41011573674434665
CIM_UNITS_PER_WEIGHT=3
