AVERAGE_WEIGHT_VALUE=0.04147802988688151
AVERAGE_INPUT_VALUE=0.14861088522471025
ADC_ACTION_SHARE=0.3911610416925411
CIM_UNITS_PER_WEIGHT=3
