AVERAGE_WEIGHT_VALUE=0.04307484295633104
AVERAGE_INPUT_VALUE=0.1830500919343892
ADC_ACTION_SHARE=0.39614726990157695
CIM_UNITS_PER_WEIGHT=3
