AVERAGE_WEIGHT_VALUE=0.0474647045135498
AVERAGE_INPUT_VALUE=0.3840795576464071
ADC_ACTION_SHARE=0.462961211362577
CIM_UNITS_PER_WEIGHT=3
