AVERAGE_WEIGHT_VALUE=0.047247578038109674
AVERAGE_INPUT_VALUE=0.26648440415891234
ADC_ACTION_SHARE=0.4257255551173813
CIM_UNITS_PER_WEIGHT=3
