AVERAGE_WEIGHT_VALUE=0.04235401997963587
AVERAGE_INPUT_VALUE=0.15605491641687003
ADC_ACTION_SHARE=0.3935106703230527
CIM_UNITS_PER_WEIGHT=3
