AVERAGE_WEIGHT_VALUE=0.045946739117304486
AVERAGE_INPUT_VALUE=0.28043483472313235
ADC_ACTION_SHARE=0.42818941552754536
CIM_UNITS_PER_WEIGHT=3
