AVERAGE_WEIGHT_VALUE=0.04735819531811609
AVERAGE_INPUT_VALUE=0.3438781023713919
ADC_ACTION_SHARE=0.4405306497082175
CIM_UNITS_PER_WEIGHT=3
