AVERAGE_WEIGHT_VALUE=0.04712592264016469
AVERAGE_INPUT_VALUE=0.22123588850574322
ADC_ACTION_SHARE=0.41326830699262224
CIM_UNITS_PER_WEIGHT=3
