AVERAGE_WEIGHT_VALUE=0.047132007280985516
AVERAGE_INPUT_VALUE=0.30217278736388764
ADC_ACTION_SHARE=0.4345634932155362
CIM_UNITS_PER_WEIGHT=3
