AVERAGE_WEIGHT_VALUE=0.04800779090987311
AVERAGE_INPUT_VALUE=0.17669635005371997
ADC_ACTION_SHARE=0.4136561451714524
CIM_UNITS_PER_WEIGHT=3
