AVERAGE_WEIGHT_VALUE=0.04746943480438656
AVERAGE_INPUT_VALUE=0.23990662387246225
ADC_ACTION_SHARE=0.4102133709644183
CIM_UNITS_PER_WEIGHT=3
