AVERAGE_WEIGHT_VALUE=0.04690141214264764
AVERAGE_INPUT_VALUE=0.24667385440032902
ADC_ACTION_SHARE=0.4208814359935486
CIM_UNITS_PER_WEIGHT=3
