AVERAGE_WEIGHT_VALUE=0.041816405538055636
AVERAGE_INPUT_VALUE=0.11456151556774444
ADC_ACTION_SHARE=0.39641029461691984
CIM_UNITS_PER_WEIGHT=3
