AVERAGE_WEIGHT_VALUE=0.04655181500646803
AVERAGE_INPUT_VALUE=0.21827045779607296
ADC_ACTION_SHARE=0.4095141914697739
CIM_UNITS_PER_WEIGHT=3
