AVERAGE_WEIGHT_VALUE=0.04634763068623013
AVERAGE_INPUT_VALUE=0.2665930888096506
ADC_ACTION_SHARE=0.4217824396253825
CIM_UNITS_PER_WEIGHT=3
