AVERAGE_WEIGHT_VALUE=0.044666394260194565
AVERAGE_INPUT_VALUE=0.19898866575063992
ADC_ACTION_SHARE=0.4012550390750518
CIM_UNITS_PER_WEIGHT=3
