AVERAGE_WEIGHT_VALUE=0.047470055023829144
AVERAGE_INPUT_VALUE=0.19898866575063992
ADC_ACTION_SHARE=0.4012947600077847
CIM_UNITS_PER_WEIGHT=3
