AVERAGE_WEIGHT_VALUE=0.047095914681752525
AVERAGE_INPUT_VALUE=0.3662967457292523
ADC_ACTION_SHARE=0.4485980685821061
CIM_UNITS_PER_WEIGHT=3
