AVERAGE_WEIGHT_VALUE=0.0412687016857995
AVERAGE_INPUT_VALUE=0.17251377036695031
ADC_ACTION_SHARE=0.3950888698489247
CIM_UNITS_PER_WEIGHT=3
