AVERAGE_WEIGHT_VALUE=0.047859023014704384
AVERAGE_INPUT_VALUE=0.4177788374807206
ADC_ACTION_SHARE=0.49396299770126495
CIM_UNITS_PER_WEIGHT=3
