AVERAGE_WEIGHT_VALUE=0.047803591357337104
AVERAGE_INPUT_VALUE=0.1591136375450108
ADC_ACTION_SHARE=0.40750953937547
CIM_UNITS_PER_WEIGHT=3
