AVERAGE_WEIGHT_VALUE=0.04813283350732591
AVERAGE_INPUT_VALUE=0.21827045779607296
ADC_ACTION_SHARE=0.411860485960097
CIM_UNITS_PER_WEIGHT=3
