AVERAGE_WEIGHT_VALUE=0.04665216604868571
AVERAGE_INPUT_VALUE=0.26648440415891234
ADC_ACTION_SHARE=0.42041057830807643
CIM_UNITS_PER_WEIGHT=3
