AVERAGE_WEIGHT_VALUE=0.047684855924712284
AVERAGE_INPUT_VALUE=0.1762687613513567
ADC_ACTION_SHARE=0.41160891062439003
CIM_UNITS_PER_WEIGHT=3
