AVERAGE_WEIGHT_VALUE=0.04741742213567098
AVERAGE_INPUT_VALUE=0.33099873299972093
ADC_ACTION_SHARE=0.4365991601642074
CIM_UNITS_PER_WEIGHT=3
