AVERAGE_WEIGHT_VALUE=0.04778197473949856
AVERAGE_INPUT_VALUE=0.19964759392393694
ADC_ACTION_SHARE=0.40781771091298813
CIM_UNITS_PER_WEIGHT=3
