AVERAGE_WEIGHT_VALUE=0.04565444820457035
AVERAGE_INPUT_VALUE=0.3061780762567069
ADC_ACTION_SHARE=0.42981669942019035
CIM_UNITS_PER_WEIGHT=3
