AVERAGE_WEIGHT_VALUE=0.04166757075322999
AVERAGE_INPUT_VALUE=0.19830321518448984
ADC_ACTION_SHARE=0.40729159224873107
CIM_UNITS_PER_WEIGHT=3
