AVERAGE_WEIGHT_VALUE=0.045797767572932774
AVERAGE_INPUT_VALUE=0.3061780762567069
ADC_ACTION_SHARE=0.4364450630967783
CIM_UNITS_PER_WEIGHT=3
