AVERAGE_WEIGHT_VALUE=0.046982640690273705
AVERAGE_INPUT_VALUE=0.24667385440032902
ADC_ACTION_SHARE=0.4187986999085696
CIM_UNITS_PER_WEIGHT=3
