AVERAGE_WEIGHT_VALUE=0.04751890268590715
AVERAGE_INPUT_VALUE=0.21827045779607296
ADC_ACTION_SHARE=0.405722124713858
CIM_UNITS_PER_WEIGHT=3
