AVERAGE_WEIGHT_VALUE=0.04147756265269385
AVERAGE_INPUT_VALUE=0.1443168549482321
ADC_ACTION_SHARE=0.39056858196868244
CIM_UNITS_PER_WEIGHT=3
