AVERAGE_WEIGHT_VALUE=0.047813109556833905
AVERAGE_INPUT_VALUE=0.1917038067050712
ADC_ACTION_SHARE=0.4128800971662119
CIM_UNITS_PER_WEIGHT=3
