AVERAGE_WEIGHT_VALUE=0.04781188997957442
AVERAGE_INPUT_VALUE=0.23990662387246225
ADC_ACTION_SHARE=0.41963299498063455
CIM_UNITS_PER_WEIGHT=3
