AVERAGE_WEIGHT_VALUE=0.04780957301457723
AVERAGE_INPUT_VALUE=0.28043483472313235
ADC_ACTION_SHARE=0.42820807973233926
CIM_UNITS_PER_WEIGHT=3
