AVERAGE_WEIGHT_VALUE=0.047678045762909786
AVERAGE_INPUT_VALUE=0.23638507356914035
ADC_ACTION_SHARE=0.4175553244008023
CIM_UNITS_PER_WEIGHT=3
