AVERAGE_WEIGHT_VALUE=0.04737337893909878
AVERAGE_INPUT_VALUE=0.3464328371690607
ADC_ACTION_SHARE=0.44284111577014684
CIM_UNITS_PER_WEIGHT=3
