AVERAGE_WEIGHT_VALUE=0.04684427513016595
AVERAGE_INPUT_VALUE=0.26648440415891234
ADC_ACTION_SHARE=0.42756344093868837
CIM_UNITS_PER_WEIGHT=3
