AVERAGE_WEIGHT_VALUE=0.04761254621876611
AVERAGE_INPUT_VALUE=0.2665930888096506
ADC_ACTION_SHARE=0.42274682321068413
CIM_UNITS_PER_WEIGHT=3
