AVERAGE_WEIGHT_VALUE=0.011003529916827877
AVERAGE_INPUT_VALUE=0.23332464515022924
ADC_ACTION_SHARE=0.3750301886984535
CIM_UNITS_PER_WEIGHT=8
