AVERAGE_WEIGHT_VALUE=0.04831701252195571
AVERAGE_INPUT_VALUE=0.17536374635163934
ADC_ACTION_SHARE=0.40334912385583527
CIM_UNITS_PER_WEIGHT=3
