AVERAGE_WEIGHT_VALUE=0.04837510387102763
AVERAGE_INPUT_VALUE=0.18404134791907184
ADC_ACTION_SHARE=0.4048089259641993
CIM_UNITS_PER_WEIGHT=3
