AVERAGE_WEIGHT_VALUE=0.04711855683061812
AVERAGE_INPUT_VALUE=0.23638507356914035
ADC_ACTION_SHARE=0.41832587345258915
CIM_UNITS_PER_WEIGHT=3
