AVERAGE_WEIGHT_VALUE=0.047196528646681044
AVERAGE_INPUT_VALUE=0.19964759392393694
ADC_ACTION_SHARE=0.402428766119856
CIM_UNITS_PER_WEIGHT=3
