AVERAGE_WEIGHT_VALUE=0.04768730998039246
AVERAGE_INPUT_VALUE=0.17948823558539506
ADC_ACTION_SHARE=0.4103185807760421
CIM_UNITS_PER_WEIGHT=3
