AVERAGE_WEIGHT_VALUE=0.04697638683848911
AVERAGE_INPUT_VALUE=0.36703947911040147
ADC_ACTION_SHARE=0.4553718829877895
CIM_UNITS_PER_WEIGHT=3
