AVERAGE_WEIGHT_VALUE=0.04678602814674378
AVERAGE_INPUT_VALUE=0.31372422980052983
ADC_ACTION_SHARE=0.4296733175558341
CIM_UNITS_PER_WEIGHT=3
