AVERAGE_WEIGHT_VALUE=0.048368576831287806
AVERAGE_INPUT_VALUE=0.24525088119352978
ADC_ACTION_SHARE=0.42161771754093363
CIM_UNITS_PER_WEIGHT=3
