AVERAGE_WEIGHT_VALUE=0.047526268164316814
AVERAGE_INPUT_VALUE=0.23638507356914035
ADC_ACTION_SHARE=0.4112035382451434
CIM_UNITS_PER_WEIGHT=3
