AVERAGE_WEIGHT_VALUE=0.04728024403254191
AVERAGE_INPUT_VALUE=0.23990662387246225
ADC_ACTION_SHARE=0.421197184636611
CIM_UNITS_PER_WEIGHT=3
