AVERAGE_WEIGHT_VALUE=0.04828348490926955
AVERAGE_INPUT_VALUE=0.20873819555066547
ADC_ACTION_SHARE=0.41503335399132085
CIM_UNITS_PER_WEIGHT=3
