AVERAGE_WEIGHT_VALUE=0.04760755399862925
AVERAGE_INPUT_VALUE=0.3061780762567069
ADC_ACTION_SHARE=0.4341159891249315
CIM_UNITS_PER_WEIGHT=3
