AVERAGE_WEIGHT_VALUE=0.04794592261314392
AVERAGE_INPUT_VALUE=0.40178595237447745
ADC_ACTION_SHARE=0.48485782161422647
CIM_UNITS_PER_WEIGHT=3
