AVERAGE_WEIGHT_VALUE=0.04602009322908189
AVERAGE_INPUT_VALUE=0.2665930888096506
ADC_ACTION_SHARE=0.42299911043478716
CIM_UNITS_PER_WEIGHT=3
