AVERAGE_WEIGHT_VALUE=0.04763556155893538
AVERAGE_INPUT_VALUE=0.16613433975154412
ADC_ACTION_SHARE=0.40877458759404234
CIM_UNITS_PER_WEIGHT=3
