AVERAGE_WEIGHT_VALUE=0.0476534065273073
AVERAGE_INPUT_VALUE=0.3873019835062781
ADC_ACTION_SHARE=0.46222321603911326
CIM_UNITS_PER_WEIGHT=3
