AVERAGE_WEIGHT_VALUE=0.04198576087752978
AVERAGE_INPUT_VALUE=0.14759221189722505
ADC_ACTION_SHARE=0.39223620067700926
CIM_UNITS_PER_WEIGHT=3
