AVERAGE_WEIGHT_VALUE=0.046971998280949064
AVERAGE_INPUT_VALUE=0.24667385440032902
ADC_ACTION_SHARE=0.4144334234477854
CIM_UNITS_PER_WEIGHT=3
