AVERAGE_WEIGHT_VALUE=0.045040137237972684
AVERAGE_INPUT_VALUE=0.25271624285499517
ADC_ACTION_SHARE=0.41583987913428144
CIM_UNITS_PER_WEIGHT=3
