AVERAGE_WEIGHT_VALUE=0.04667490290270911
AVERAGE_INPUT_VALUE=0.2963363941758727
ADC_ACTION_SHARE=0.42668874191370393
CIM_UNITS_PER_WEIGHT=3
