AVERAGE_WEIGHT_VALUE=0.04706925816006131
AVERAGE_INPUT_VALUE=0.23552378888478903
ADC_ACTION_SHARE=0.41877445642622774
CIM_UNITS_PER_WEIGHT=3
