AVERAGE_WEIGHT_VALUE=0.04808095428678725
AVERAGE_INPUT_VALUE=0.2292545227112488
ADC_ACTION_SHARE=0.42216013297199134
CIM_UNITS_PER_WEIGHT=3
