AVERAGE_WEIGHT_VALUE=0.04115425538685587
AVERAGE_INPUT_VALUE=0.17118410397658704
ADC_ACTION_SHARE=0.3946681491178394
CIM_UNITS_PER_WEIGHT=3
