AVERAGE_WEIGHT_VALUE=0.047965269618564184
AVERAGE_INPUT_VALUE=0.22123588850574322
ADC_ACTION_SHARE=0.4067317975351507
CIM_UNITS_PER_WEIGHT=3
