AVERAGE_WEIGHT_VALUE=0.04631251725885603
AVERAGE_INPUT_VALUE=0.19964759392393694
ADC_ACTION_SHARE=0.4047153964775105
CIM_UNITS_PER_WEIGHT=3
