AVERAGE_WEIGHT_VALUE=0.047979443934228684
AVERAGE_INPUT_VALUE=0.2031401788620873
ADC_ACTION_SHARE=0.41524178529878725
CIM_UNITS_PER_WEIGHT=3
