AVERAGE_WEIGHT_VALUE=0.04711605211098989
AVERAGE_INPUT_VALUE=0.19898866575063992
ADC_ACTION_SHARE=0.4031680171142773
CIM_UNITS_PER_WEIGHT=3
