AVERAGE_WEIGHT_VALUE=0.05180460911037193
AVERAGE_INPUT_VALUE=0.8657167877916234
ADC_ACTION_SHARE=0.5806257372214484
CIM_UNITS_PER_WEIGHT=3
