AVERAGE_WEIGHT_VALUE=0.008535577648971327
AVERAGE_INPUT_VALUE=0.4198645288306002
ADC_ACTION_SHARE=0.3794088920073099
CIM_UNITS_PER_WEIGHT=8
