AVERAGE_WEIGHT_VALUE=0.0361588372124566
AVERAGE_INPUT_VALUE=0.49273998719312906
ADC_ACTION_SHARE=0.4280728417961173
CIM_UNITS_PER_WEIGHT=3
