AVERAGE_WEIGHT_VALUE=0.03771837022569444
AVERAGE_INPUT_VALUE=0.27617677541777524
ADC_ACTION_SHARE=0.4418796813660597
CIM_UNITS_PER_WEIGHT=3
