AVERAGE_WEIGHT_VALUE=0.115911865234375
AVERAGE_INPUT_VALUE=0.49379511433311485
ADC_ACTION_SHARE=0.5533150548701145
CIM_UNITS_PER_WEIGHT=2
