AVERAGE_WEIGHT_VALUE=0.04063838322957357
AVERAGE_INPUT_VALUE=0.22388966710331631
ADC_ACTION_SHARE=0.4328814812245789
CIM_UNITS_PER_WEIGHT=3
