AVERAGE_WEIGHT_VALUE=0.1273577372233073
AVERAGE_INPUT_VALUE=0.36931725336666216
ADC_ACTION_SHARE=0.5751367714293005
CIM_UNITS_PER_WEIGHT=2
