AVERAGE_WEIGHT_VALUE=0.03698343576397747
AVERAGE_INPUT_VALUE=0.3723761003871402
ADC_ACTION_SHARE=0.4404729580934976
CIM_UNITS_PER_WEIGHT=3
