AVERAGE_WEIGHT_VALUE=0.03758303133331032
AVERAGE_INPUT_VALUE=0.3062380534645986
ADC_ACTION_SHARE=0.4416081594056253
CIM_UNITS_PER_WEIGHT=3
