AVERAGE_WEIGHT_VALUE=0.04130522336280491
AVERAGE_INPUT_VALUE=0.12717517895664188
ADC_ACTION_SHARE=0.3993337612974712
CIM_UNITS_PER_WEIGHT=3
