AVERAGE_WEIGHT_VALUE=0.03602489895290798
AVERAGE_INPUT_VALUE=0.28453988949814185
ADC_ACTION_SHARE=0.44425430162421736
CIM_UNITS_PER_WEIGHT=3
