AVERAGE_WEIGHT_VALUE=0.1381177266438802
AVERAGE_INPUT_VALUE=0.392192312617623
ADC_ACTION_SHARE=0.6182053059206478
CIM_UNITS_PER_WEIGHT=2
