AVERAGE_WEIGHT_VALUE=0.04156369794574048
AVERAGE_INPUT_VALUE=0.3069449268551274
ADC_ACTION_SHARE=0.4237963899861647
CIM_UNITS_PER_WEIGHT=3
