AVERAGE_WEIGHT_VALUE=0.12745259602864584
AVERAGE_INPUT_VALUE=0.24054659740067563
ADC_ACTION_SHARE=0.4476675470325987
CIM_UNITS_PER_WEIGHT=2
