AVERAGE_WEIGHT_VALUE=0.0413358904964601
AVERAGE_INPUT_VALUE=0.26038095246076776
ADC_ACTION_SHARE=0.4324916827490773
CIM_UNITS_PER_WEIGHT=3
