AVERAGE_WEIGHT_VALUE=0.040151320563422306
AVERAGE_INPUT_VALUE=0.34429528920593533
ADC_ACTION_SHARE=0.47340605620334225
CIM_UNITS_PER_WEIGHT=3
