AVERAGE_WEIGHT_VALUE=0.039148242011045414
AVERAGE_INPUT_VALUE=0.26295513917956204
ADC_ACTION_SHARE=0.42664210978216643
CIM_UNITS_PER_WEIGHT=3
