AVERAGE_WEIGHT_VALUE=0.11624959309895834
AVERAGE_INPUT_VALUE=0.7082834350360011
ADC_ACTION_SHARE=0.5575900876355018
CIM_UNITS_PER_WEIGHT=2
