AVERAGE_WEIGHT_VALUE=0.04643296135796441
AVERAGE_INPUT_VALUE=0.2420964972921592
ADC_ACTION_SHARE=0.39477137028103076
CIM_UNITS_PER_WEIGHT=3
