AVERAGE_WEIGHT_VALUE=0.1414454142252604
AVERAGE_INPUT_VALUE=0.26343754462794144
ADC_ACTION_SHARE=0.561497993774191
CIM_UNITS_PER_WEIGHT=2
