AVERAGE_WEIGHT_VALUE=0.035820858093858175
AVERAGE_INPUT_VALUE=0.46599886963686965
ADC_ACTION_SHARE=0.5388589340411586
CIM_UNITS_PER_WEIGHT=3
