AVERAGE_WEIGHT_VALUE=0.042711268530951606
AVERAGE_INPUT_VALUE=0.2132860665053207
ADC_ACTION_SHARE=0.4322093090807179
CIM_UNITS_PER_WEIGHT=3
