AVERAGE_WEIGHT_VALUE=0.033205838077184226
AVERAGE_INPUT_VALUE=0.42832996332156165
ADC_ACTION_SHARE=0.4812328392669322
CIM_UNITS_PER_WEIGHT=3
