AVERAGE_WEIGHT_VALUE=0.13888327280680338
AVERAGE_INPUT_VALUE=0.18243676726665342
ADC_ACTION_SHARE=0.5437949216998348
CIM_UNITS_PER_WEIGHT=2
