AVERAGE_WEIGHT_VALUE=0.04318644205729167
AVERAGE_INPUT_VALUE=0.4731261261053536
ADC_ACTION_SHARE=0.4515801379370883
CIM_UNITS_PER_WEIGHT=3
