AVERAGE_WEIGHT_VALUE=0.039203643798828125
AVERAGE_INPUT_VALUE=0.34429528920593533
ADC_ACTION_SHARE=0.469510072002079
CIM_UNITS_PER_WEIGHT=3
