AVERAGE_WEIGHT_VALUE=0.04008225120422948
AVERAGE_INPUT_VALUE=0.20717328947104613
ADC_ACTION_SHARE=0.41209731632552576
CIM_UNITS_PER_WEIGHT=3
