AVERAGE_WEIGHT_VALUE=0.03848396001202572
AVERAGE_INPUT_VALUE=0.18273134511995764
ADC_ACTION_SHARE=0.41317977271991024
CIM_UNITS_PER_WEIGHT=3
