AVERAGE_WEIGHT_VALUE=0.03271874321831597
AVERAGE_INPUT_VALUE=0.33591370476227933
ADC_ACTION_SHARE=0.5672380646897687
CIM_UNITS_PER_WEIGHT=3
