AVERAGE_WEIGHT_VALUE=0.04220528374426067
AVERAGE_INPUT_VALUE=0.342774633763387
ADC_ACTION_SHARE=0.41692797674196297
CIM_UNITS_PER_WEIGHT=3
