AVERAGE_WEIGHT_VALUE=0.0450699700249566
AVERAGE_INPUT_VALUE=0.2735054963031113
ADC_ACTION_SHARE=0.39778007272626
CIM_UNITS_PER_WEIGHT=3
