AVERAGE_WEIGHT_VALUE=0.04327002839967867
AVERAGE_INPUT_VALUE=0.14678454600749635
ADC_ACTION_SHARE=0.4040903616000322
CIM_UNITS_PER_WEIGHT=3
