AVERAGE_WEIGHT_VALUE=0.038748550415039065
AVERAGE_INPUT_VALUE=0.24509519752641085
ADC_ACTION_SHARE=0.4324118124511125
CIM_UNITS_PER_WEIGHT=3
