AVERAGE_WEIGHT_VALUE=0.041702948676215275
AVERAGE_INPUT_VALUE=0.1642361120928224
ADC_ACTION_SHARE=0.4118716022222692
CIM_UNITS_PER_WEIGHT=3
