AVERAGE_WEIGHT_VALUE=0.03983347321886362
AVERAGE_INPUT_VALUE=0.1667997458563129
ADC_ACTION_SHARE=0.40523651593073584
CIM_UNITS_PER_WEIGHT=3
