AVERAGE_WEIGHT_VALUE=0.04064059787326389
AVERAGE_INPUT_VALUE=0.354165428926732
ADC_ACTION_SHARE=0.499022830711313
CIM_UNITS_PER_WEIGHT=3
