AVERAGE_WEIGHT_VALUE=0.04407807456122504
AVERAGE_INPUT_VALUE=0.17908364012445166
ADC_ACTION_SHARE=0.4162065804834052
CIM_UNITS_PER_WEIGHT=3
