AVERAGE_WEIGHT_VALUE=0.04104241265190973
AVERAGE_INPUT_VALUE=0.49273998719312906
ADC_ACTION_SHARE=0.43429621672947655
CIM_UNITS_PER_WEIGHT=3
