AVERAGE_WEIGHT_VALUE=0.12271347045898437
AVERAGE_INPUT_VALUE=0.3903238567113386
ADC_ACTION_SHARE=0.5783415301268668
CIM_UNITS_PER_WEIGHT=2
