AVERAGE_WEIGHT_VALUE=0.04347508244876129
AVERAGE_INPUT_VALUE=0.12110935757591632
ADC_ACTION_SHARE=0.41058273578661764
CIM_UNITS_PER_WEIGHT=3
