AVERAGE_WEIGHT_VALUE=0.1346075693766276
AVERAGE_INPUT_VALUE=0.2683473339877877
ADC_ACTION_SHARE=0.6208068990582389
CIM_UNITS_PER_WEIGHT=2
