AVERAGE_WEIGHT_VALUE=0.04318266974555121
AVERAGE_INPUT_VALUE=0.4211720477457227
ADC_ACTION_SHARE=0.4215545682692358
CIM_UNITS_PER_WEIGHT=3
