AVERAGE_WEIGHT_VALUE=0.04010569254557292
AVERAGE_INPUT_VALUE=0.20139571850407695
ADC_ACTION_SHARE=0.4218934920583186
CIM_UNITS_PER_WEIGHT=3
