AVERAGE_WEIGHT_VALUE=0.111181640625
AVERAGE_INPUT_VALUE=0.7082834350360011
ADC_ACTION_SHARE=0.5531559403032242
CIM_UNITS_PER_WEIGHT=2
