AVERAGE_WEIGHT_VALUE=0.040778128306070964
AVERAGE_INPUT_VALUE=0.19677140810246185
ADC_ACTION_SHARE=0.43041179130835056
CIM_UNITS_PER_WEIGHT=3
