AVERAGE_WEIGHT_VALUE=0.04150724411010742
AVERAGE_INPUT_VALUE=0.28625469457134267
ADC_ACTION_SHARE=0.44699779813611834
CIM_UNITS_PER_WEIGHT=3
