AVERAGE_WEIGHT_VALUE=0.03975156655974894
AVERAGE_INPUT_VALUE=0.1949377565717693
ADC_ACTION_SHARE=0.40838172366107645
CIM_UNITS_PER_WEIGHT=3
