AVERAGE_WEIGHT_VALUE=0.0378387451171875
AVERAGE_INPUT_VALUE=0.37603136773066664
ADC_ACTION_SHARE=0.5086885833886092
CIM_UNITS_PER_WEIGHT=3
