AVERAGE_WEIGHT_VALUE=0.03746202271949086
AVERAGE_INPUT_VALUE=0.3378155712463732
ADC_ACTION_SHARE=0.421762658100638
CIM_UNITS_PER_WEIGHT=3
