AVERAGE_WEIGHT_VALUE=0.03601057264539931
AVERAGE_INPUT_VALUE=0.28326565868205816
ADC_ACTION_SHARE=0.46558395500181526
CIM_UNITS_PER_WEIGHT=3
