AVERAGE_WEIGHT_VALUE=0.12531026204427084
AVERAGE_INPUT_VALUE=0.32564284884270567
ADC_ACTION_SHARE=0.4639635465604919
CIM_UNITS_PER_WEIGHT=2
