AVERAGE_WEIGHT_VALUE=0.13686033884684246
AVERAGE_INPUT_VALUE=0.2121546462611656
ADC_ACTION_SHARE=0.6048503860531906
CIM_UNITS_PER_WEIGHT=2
