AVERAGE_WEIGHT_VALUE=0.03602769639756944
AVERAGE_INPUT_VALUE=0.41226962263417605
ADC_ACTION_SHARE=0.45016730499266594
CIM_UNITS_PER_WEIGHT=3
