AVERAGE_WEIGHT_VALUE=0.04145180914137099
AVERAGE_INPUT_VALUE=0.1642361120928224
ADC_ACTION_SHARE=0.4062074670638482
CIM_UNITS_PER_WEIGHT=3
