AVERAGE_WEIGHT_VALUE=0.037949400519331294
AVERAGE_INPUT_VALUE=0.17913839182728764
ADC_ACTION_SHARE=1.0
CIM_UNITS_PER_WEIGHT=3
SPECULATION_ENABLED=0
