AVERAGE_WEIGHT_VALUE=0.039412434895833334
AVERAGE_INPUT_VALUE=0.27491946193383643
ADC_ACTION_SHARE=1.0
CIM_UNITS_PER_WEIGHT=3
SPECULATION_ENABLED=0
