AVERAGE_WEIGHT_VALUE=0.011496139163030723
AVERAGE_INPUT_VALUE=0.16677118098838645
ADC_ACTION_SHARE=1.0
CIM_UNITS_PER_WEIGHT=8
SPECULATION_ENABLED=0
