AVERAGE_WEIGHT_VALUE=0.04012380148698058
AVERAGE_INPUT_VALUE=0.11389315920218626
ADC_ACTION_SHARE=1.0
CIM_UNITS_PER_WEIGHT=3
SPECULATION_ENABLED=0
