AVERAGE_WEIGHT_VALUE=0.04223567209620442
AVERAGE_INPUT_VALUE=0.1936860277356385
ADC_ACTION_SHARE=1.0
CIM_UNITS_PER_WEIGHT=3
SPECULATION_ENABLED=0
