AVERAGE_WEIGHT_VALUE=0.03985540436373816
AVERAGE_INPUT_VALUE=0.029054973095905254
ADC_ACTION_SHARE=1.0
CIM_UNITS_PER_WEIGHT=3
SPECULATION_ENABLED=0
