AVERAGE_WEIGHT_VALUE=0.03787941452529695
AVERAGE_INPUT_VALUE=0.34489266953916364
ADC_ACTION_SHARE=1.0
CIM_UNITS_PER_WEIGHT=3
SPECULATION_ENABLED=0
