AVERAGE_WEIGHT_VALUE=0.041748779148070354
AVERAGE_INPUT_VALUE=0.1698603284656288
ADC_ACTION_SHARE=1.0
CIM_UNITS_PER_WEIGHT=3
SPECULATION_ENABLED=0
