AVERAGE_WEIGHT_VALUE=0.04414496374213033
AVERAGE_INPUT_VALUE=0.08511257588765372
ADC_ACTION_SHARE=1.0
CIM_UNITS_PER_WEIGHT=3
SPECULATION_ENABLED=0
