AVERAGE_WEIGHT_VALUE=0.038935682508680555
AVERAGE_INPUT_VALUE=0.1525313859005333
ADC_ACTION_SHARE=1.0
CIM_UNITS_PER_WEIGHT=3
SPECULATION_ENABLED=0
