AVERAGE_WEIGHT_VALUE=0.038037109375
AVERAGE_INPUT_VALUE=0.2661254567121201
ADC_ACTION_SHARE=1.0
CIM_UNITS_PER_WEIGHT=3
SPECULATION_ENABLED=0
