AVERAGE_WEIGHT_VALUE=0.040795748360041115
AVERAGE_INPUT_VALUE=0.0995177186724416
ADC_ACTION_SHARE=1.0
CIM_UNITS_PER_WEIGHT=3
SPECULATION_ENABLED=0
