AVERAGE_WEIGHT_VALUE=0.03729817762246563
AVERAGE_INPUT_VALUE=0.22333555601500618
ADC_ACTION_SHARE=1.0
CIM_UNITS_PER_WEIGHT=3
SPECULATION_ENABLED=0
