AVERAGE_WEIGHT_VALUE=0.040198432074652776
AVERAGE_INPUT_VALUE=0.09923890152289676
ADC_ACTION_SHARE=1.0
CIM_UNITS_PER_WEIGHT=3
SPECULATION_ENABLED=0
