AVERAGE_WEIGHT_VALUE=0.03914082845052083
AVERAGE_INPUT_VALUE=0.09923890152289676
ADC_ACTION_SHARE=1.0
CIM_UNITS_PER_WEIGHT=3
SPECULATION_ENABLED=0
