AVERAGE_WEIGHT_VALUE=0.04153565510900484
AVERAGE_INPUT_VALUE=0.19979059226058044
ADC_ACTION_SHARE=1.0
CIM_UNITS_PER_WEIGHT=3
SPECULATION_ENABLED=0
