AVERAGE_WEIGHT_VALUE=0.042060004340277776
AVERAGE_INPUT_VALUE=0.2159531555439824
ADC_ACTION_SHARE=1.0
CIM_UNITS_PER_WEIGHT=3
SPECULATION_ENABLED=0
