AVERAGE_WEIGHT_VALUE=0.041184646350383346
AVERAGE_INPUT_VALUE=0.060307204738981976
ADC_ACTION_SHARE=1.0
CIM_UNITS_PER_WEIGHT=3
SPECULATION_ENABLED=0
