AVERAGE_WEIGHT_VALUE=0.4867333333333333
AVERAGE_INPUT_VALUE=0.08474534576027277
ADC_ACTION_SHARE=1.0
CIM_UNITS_PER_WEIGHT=4
SPECULATION_ENABLED=0
