AVERAGE_WEIGHT_VALUE=0.4134583333333334
AVERAGE_INPUT_VALUE=0.14016168908983406
ADC_ACTION_SHARE=1.0
CIM_UNITS_PER_WEIGHT=4
SPECULATION_ENABLED=0
