AVERAGE_WEIGHT_VALUE=0.4539583333333333
AVERAGE_INPUT_VALUE=0.12241137639838985
ADC_ACTION_SHARE=1.0
CIM_UNITS_PER_WEIGHT=4
SPECULATION_ENABLED=0
