AVERAGE_WEIGHT_VALUE=0.34157499999999996
AVERAGE_INPUT_VALUE=0.21030315704231387
ADC_ACTION_SHARE=1.0
CIM_UNITS_PER_WEIGHT=4
SPECULATION_ENABLED=0
