AVERAGE_WEIGHT_VALUE=0.46436666666666665
AVERAGE_INPUT_VALUE=0.19825388213745654
ADC_ACTION_SHARE=1.0
CIM_UNITS_PER_WEIGHT=4
SPECULATION_ENABLED=0
