AVERAGE_WEIGHT_VALUE=0.33244999999999997
AVERAGE_INPUT_VALUE=0.11026666062127967
ADC_ACTION_SHARE=1.0
CIM_UNITS_PER_WEIGHT=4
SPECULATION_ENABLED=0
