AVERAGE_WEIGHT_VALUE=0.35729166666666673
AVERAGE_INPUT_VALUE=0.24816562437715065
ADC_ACTION_SHARE=1.0
CIM_UNITS_PER_WEIGHT=4
SPECULATION_ENABLED=0
