AVERAGE_WEIGHT_VALUE=0.46340000000000003
AVERAGE_INPUT_VALUE=0.21790663467383062
ADC_ACTION_SHARE=1.0
CIM_UNITS_PER_WEIGHT=4
SPECULATION_ENABLED=0
