AVERAGE_WEIGHT_VALUE=0.4343333333333334
AVERAGE_INPUT_VALUE=0.18493490071132002
ADC_ACTION_SHARE=1.0
CIM_UNITS_PER_WEIGHT=4
SPECULATION_ENABLED=0
