AVERAGE_WEIGHT_VALUE=0.43887499999999996
AVERAGE_INPUT_VALUE=0.15861450809959
ADC_ACTION_SHARE=1.0
CIM_UNITS_PER_WEIGHT=4
SPECULATION_ENABLED=0
