AVERAGE_WEIGHT_VALUE=0.47342500000000004
AVERAGE_INPUT_VALUE=0.19570668729749477
ADC_ACTION_SHARE=1.0
CIM_UNITS_PER_WEIGHT=4
SPECULATION_ENABLED=0
