AVERAGE_WEIGHT_VALUE=0.33509166666666673
AVERAGE_INPUT_VALUE=0.04615233554600056
ADC_ACTION_SHARE=1.0
CIM_UNITS_PER_WEIGHT=4
SPECULATION_ENABLED=0
