AVERAGE_WEIGHT_VALUE=0.4519916666666666
AVERAGE_INPUT_VALUE=0.1718039142323589
ADC_ACTION_SHARE=1.0
CIM_UNITS_PER_WEIGHT=4
SPECULATION_ENABLED=0
