AVERAGE_WEIGHT_VALUE=0.3421166666666666
AVERAGE_INPUT_VALUE=0.18493490071132002
ADC_ACTION_SHARE=1.0
CIM_UNITS_PER_WEIGHT=4
SPECULATION_ENABLED=0
