AVERAGE_WEIGHT_VALUE=0.3451416666666667
AVERAGE_INPUT_VALUE=0.24027031845876823
ADC_ACTION_SHARE=1.0
CIM_UNITS_PER_WEIGHT=4
SPECULATION_ENABLED=0
