AVERAGE_WEIGHT_VALUE=0.32864166666666667
AVERAGE_INPUT_VALUE=0.1571102426858146
ADC_ACTION_SHARE=1.0
CIM_UNITS_PER_WEIGHT=4
SPECULATION_ENABLED=0
