AVERAGE_WEIGHT_VALUE=0.46820833333333334
AVERAGE_INPUT_VALUE=0.15975621457086425
ADC_ACTION_SHARE=1.0
CIM_UNITS_PER_WEIGHT=4
SPECULATION_ENABLED=0
