AVERAGE_WEIGHT_VALUE=0.33797499999999997
AVERAGE_INPUT_VALUE=0.23982947700713045
ADC_ACTION_SHARE=1.0
CIM_UNITS_PER_WEIGHT=4
SPECULATION_ENABLED=0
