AVERAGE_WEIGHT_VALUE=0.047890942693791454
AVERAGE_INPUT_VALUE=0.3434832789437169
ADC_ACTION_SHARE=0.4682477962191182
CIM_UNITS_PER_WEIGHT=3
