AVERAGE_WEIGHT_VALUE=0.15781892836093903
AVERAGE_INPUT_VALUE=0.8657167877916234
ADC_ACTION_SHARE=0.5820571914433487
CIM_UNITS_PER_WEIGHT=2
