AVERAGE_WEIGHT_VALUE=0.009953715446094217
AVERAGE_INPUT_VALUE=0.1986399403636564
ADC_ACTION_SHARE=0.3750452637845344
CIM_UNITS_PER_WEIGHT=8
