AVERAGE_WEIGHT_VALUE=0.0403578736508886
AVERAGE_INPUT_VALUE=0.3922133736655246
ADC_ACTION_SHARE=0.382130501547431
CIM_UNITS_PER_WEIGHT=3
