AVERAGE_WEIGHT_VALUE=0.15930714905261995
AVERAGE_INPUT_VALUE=0.3672454498233403
ADC_ACTION_SHARE=0.37792686523377256
CIM_UNITS_PER_WEIGHT=2
