AVERAGE_WEIGHT_VALUE=0.13374840021133422
AVERAGE_INPUT_VALUE=0.5905192448620332
ADC_ACTION_SHARE=0.37939168618295105
CIM_UNITS_PER_WEIGHT=2
