AVERAGE_WEIGHT_VALUE=0.04166253848622243
AVERAGE_INPUT_VALUE=0.471016459103999
ADC_ACTION_SHARE=0.38063769066202296
CIM_UNITS_PER_WEIGHT=3
