AVERAGE_WEIGHT_VALUE=0.042873893347051405
AVERAGE_INPUT_VALUE=0.45024916918048313
ADC_ACTION_SHARE=0.4527350181976097
CIM_UNITS_PER_WEIGHT=3
