AVERAGE_WEIGHT_VALUE=0.04321017457793156
AVERAGE_INPUT_VALUE=0.39316677371513675
ADC_ACTION_SHARE=0.5247349488948073
CIM_UNITS_PER_WEIGHT=3
