AVERAGE_WEIGHT_VALUE=0.04287719558924437
AVERAGE_INPUT_VALUE=0.47816889643419863
ADC_ACTION_SHARE=0.4209461979094951
CIM_UNITS_PER_WEIGHT=3
