AVERAGE_WEIGHT_VALUE=0.041669142970608336
AVERAGE_INPUT_VALUE=0.422226797902871
ADC_ACTION_SHARE=0.3824166093125882
CIM_UNITS_PER_WEIGHT=3
