AVERAGE_WEIGHT_VALUE=0.03899974384241634
AVERAGE_INPUT_VALUE=0.34655008745060983
ADC_ACTION_SHARE=0.6946335732542647
CIM_UNITS_PER_WEIGHT=3
