AVERAGE_WEIGHT_VALUE=0.04173272529409991
AVERAGE_INPUT_VALUE=0.4520462589546115
ADC_ACTION_SHARE=0.3807072349184651
CIM_UNITS_PER_WEIGHT=3
