AVERAGE_WEIGHT_VALUE=0.033598394236630864
AVERAGE_INPUT_VALUE=0.4514927047983799
ADC_ACTION_SHARE=0.46018652920180037
CIM_UNITS_PER_WEIGHT=3
