AVERAGE_WEIGHT_VALUE=0.15183588564395906
AVERAGE_INPUT_VALUE=0.5203666937873009
ADC_ACTION_SHARE=0.38254734399180007
CIM_UNITS_PER_WEIGHT=2
