AVERAGE_WEIGHT_VALUE=0.04331401048435105
AVERAGE_INPUT_VALUE=0.4355178992752362
ADC_ACTION_SHARE=0.41373580941442584
CIM_UNITS_PER_WEIGHT=3
