AVERAGE_WEIGHT_VALUE=0.14798850218454998
AVERAGE_INPUT_VALUE=0.5906988444819824
ADC_ACTION_SHARE=0.3877103768500356
CIM_UNITS_PER_WEIGHT=2
