AVERAGE_WEIGHT_VALUE=0.17377075006564457
AVERAGE_INPUT_VALUE=0.20314269688736525
ADC_ACTION_SHARE=0.37977250863650625
CIM_UNITS_PER_WEIGHT=2
