AVERAGE_WEIGHT_VALUE=0.04409495111968782
AVERAGE_INPUT_VALUE=0.46841629550222064
ADC_ACTION_SHARE=0.5133847458603442
CIM_UNITS_PER_WEIGHT=3
