AVERAGE_WEIGHT_VALUE=0.15347222338120142
AVERAGE_INPUT_VALUE=0.7288258168540678
ADC_ACTION_SHARE=0.3850029944741047
CIM_UNITS_PER_WEIGHT=2
