AVERAGE_WEIGHT_VALUE=0.03511692322790623
AVERAGE_INPUT_VALUE=0.41589713327725947
ADC_ACTION_SHARE=0.40405937247281637
CIM_UNITS_PER_WEIGHT=3
