AVERAGE_WEIGHT_VALUE=0.18131385097901026
AVERAGE_INPUT_VALUE=0.11346704476679068
ADC_ACTION_SHARE=0.3782373765587773
CIM_UNITS_PER_WEIGHT=2
