AVERAGE_WEIGHT_VALUE=0.04099121329685052
AVERAGE_INPUT_VALUE=0.43641962848254534
ADC_ACTION_SHARE=0.4684579103603643
CIM_UNITS_PER_WEIGHT=3
