AVERAGE_WEIGHT_VALUE=0.13125247520705063
AVERAGE_INPUT_VALUE=0.47215385378297103
ADC_ACTION_SHARE=0.5491191677415157
CIM_UNITS_PER_WEIGHT=2
