AVERAGE_WEIGHT_VALUE=0.15941889882087706
AVERAGE_INPUT_VALUE=0.47424584788646373
ADC_ACTION_SHARE=0.38046833899049115
CIM_UNITS_PER_WEIGHT=2
