AVERAGE_WEIGHT_VALUE=0.11939159619311492
AVERAGE_INPUT_VALUE=0.4240378415267049
ADC_ACTION_SHARE=0.46749700267794236
CIM_UNITS_PER_WEIGHT=2
