AVERAGE_WEIGHT_VALUE=0.16947636753320694
AVERAGE_INPUT_VALUE=0.4524114450996228
ADC_ACTION_SHARE=0.3818276035062087
CIM_UNITS_PER_WEIGHT=2
