AVERAGE_WEIGHT_VALUE=0.15295337786277136
AVERAGE_INPUT_VALUE=0.41112535618499024
ADC_ACTION_SHARE=0.3806248481237956
CIM_UNITS_PER_WEIGHT=2
