AVERAGE_WEIGHT_VALUE=0.0432240050079094
AVERAGE_INPUT_VALUE=0.45249797473507447
ADC_ACTION_SHARE=0.3821503754982986
CIM_UNITS_PER_WEIGHT=3
