AVERAGE_WEIGHT_VALUE=0.040350441903703745
AVERAGE_INPUT_VALUE=0.4191038050310323
ADC_ACTION_SHARE=0.3792476806249983
CIM_UNITS_PER_WEIGHT=3
