AVERAGE_WEIGHT_VALUE=0.11240421409408251
AVERAGE_INPUT_VALUE=0.7288258168540678
ADC_ACTION_SHARE=0.4469609713882424
CIM_UNITS_PER_WEIGHT=2
