AVERAGE_WEIGHT_VALUE=0.1909482742349307
AVERAGE_INPUT_VALUE=0.4520462589546115
ADC_ACTION_SHARE=0.412895448201241
CIM_UNITS_PER_WEIGHT=2
