AVERAGE_WEIGHT_VALUE=0.13378032793601355
AVERAGE_INPUT_VALUE=0.6114970044793067
ADC_ACTION_SHARE=0.3798582773313661
CIM_UNITS_PER_WEIGHT=2
