AVERAGE_WEIGHT_VALUE=0.042589013216396174
AVERAGE_INPUT_VALUE=0.466263617670261
ADC_ACTION_SHARE=0.38189018087334703
CIM_UNITS_PER_WEIGHT=3
