AVERAGE_WEIGHT_VALUE=0.11706178250412146
AVERAGE_INPUT_VALUE=0.41186804250765086
ADC_ACTION_SHARE=0.42103090311132163
CIM_UNITS_PER_WEIGHT=2
