AVERAGE_WEIGHT_VALUE=0.04427083248479499
AVERAGE_INPUT_VALUE=0.393122731989191
ADC_ACTION_SHARE=0.4087944785564172
CIM_UNITS_PER_WEIGHT=3
