AVERAGE_WEIGHT_VALUE=0.04106718136204614
AVERAGE_INPUT_VALUE=0.510776820612851
ADC_ACTION_SHARE=0.443784395200767
CIM_UNITS_PER_WEIGHT=3
