AVERAGE_WEIGHT_VALUE=0.03942726871205701
AVERAGE_INPUT_VALUE=0.5096139383387288
ADC_ACTION_SHARE=0.3896527618431411
CIM_UNITS_PER_WEIGHT=3
