AVERAGE_WEIGHT_VALUE=0.04406130239367485
AVERAGE_INPUT_VALUE=0.5140075968322472
ADC_ACTION_SHARE=0.402270073261452
CIM_UNITS_PER_WEIGHT=3
