AVERAGE_WEIGHT_VALUE=0.04554329276498821
AVERAGE_INPUT_VALUE=0.2950962690865916
ADC_ACTION_SHARE=0.4005317829020208
CIM_UNITS_PER_WEIGHT=3
