AVERAGE_WEIGHT_VALUE=0.03575852157341109
AVERAGE_INPUT_VALUE=0.39147665548679317
ADC_ACTION_SHARE=0.4029339846647369
CIM_UNITS_PER_WEIGHT=3
