AVERAGE_WEIGHT_VALUE=0.043669902947213915
AVERAGE_INPUT_VALUE=0.4616798862771838
ADC_ACTION_SHARE=0.42829574239144613
CIM_UNITS_PER_WEIGHT=3
