AVERAGE_WEIGHT_VALUE=0.1911637897292773
AVERAGE_INPUT_VALUE=0.39147665548679317
ADC_ACTION_SHARE=0.4040110409855732
CIM_UNITS_PER_WEIGHT=2
