AVERAGE_WEIGHT_VALUE=0.1922733058532079
AVERAGE_INPUT_VALUE=0.21871975430741397
ADC_ACTION_SHARE=0.3832334100744801
CIM_UNITS_PER_WEIGHT=2
