AVERAGE_WEIGHT_VALUE=0.04252212902324067
AVERAGE_INPUT_VALUE=0.43720958733689536
ADC_ACTION_SHARE=0.3810235969530171
CIM_UNITS_PER_WEIGHT=3
