AVERAGE_WEIGHT_VALUE=0.1591475049654643
AVERAGE_INPUT_VALUE=0.3864459287258635
ADC_ACTION_SHARE=0.380377606423185
CIM_UNITS_PER_WEIGHT=2
