AVERAGE_WEIGHT_VALUE=0.15814974009990693
AVERAGE_INPUT_VALUE=0.16464064181375054
ADC_ACTION_SHARE=0.3780516448720164
CIM_UNITS_PER_WEIGHT=2
