AVERAGE_WEIGHT_VALUE=0.1765565092364947
AVERAGE_INPUT_VALUE=0.2687255229487467
ADC_ACTION_SHARE=0.37997138663923213
CIM_UNITS_PER_WEIGHT=2
