AVERAGE_WEIGHT_VALUE=0.04295337038218147
AVERAGE_INPUT_VALUE=0.355306236087444
ADC_ACTION_SHARE=0.40368175335518247
CIM_UNITS_PER_WEIGHT=3
