AVERAGE_WEIGHT_VALUE=0.039092019697030383
AVERAGE_INPUT_VALUE=0.5294086274004686
ADC_ACTION_SHARE=0.4232240449316878
CIM_UNITS_PER_WEIGHT=3
