AVERAGE_WEIGHT_VALUE=0.1541666641831398
AVERAGE_INPUT_VALUE=0.615753967666088
ADC_ACTION_SHARE=0.3864888614020062
CIM_UNITS_PER_WEIGHT=2
