AVERAGE_WEIGHT_VALUE=0.04370417128213578
AVERAGE_INPUT_VALUE=0.3993796358856293
ADC_ACTION_SHARE=0.5970689550722166
CIM_UNITS_PER_WEIGHT=3
