AVERAGE_WEIGHT_VALUE=0.04160225941903061
AVERAGE_INPUT_VALUE=0.46976755030473283
ADC_ACTION_SHARE=0.4231942853010777
CIM_UNITS_PER_WEIGHT=3
