AVERAGE_WEIGHT_VALUE=0.04527595985887779
AVERAGE_INPUT_VALUE=0.41440344757188086
ADC_ACTION_SHARE=0.6066626189128748
CIM_UNITS_PER_WEIGHT=3
