AVERAGE_WEIGHT_VALUE=0.13290229675670465
AVERAGE_INPUT_VALUE=0.38147832877154975
ADC_ACTION_SHARE=0.4987579205911653
CIM_UNITS_PER_WEIGHT=2
