AVERAGE_WEIGHT_VALUE=0.16412834872802098
AVERAGE_INPUT_VALUE=0.41840595517643875
ADC_ACTION_SHARE=0.381706253211239
CIM_UNITS_PER_WEIGHT=2
