AVERAGE_WEIGHT_VALUE=0.1285374525313576
AVERAGE_INPUT_VALUE=0.4922038700849185
ADC_ACTION_SHARE=0.5007625515529994
CIM_UNITS_PER_WEIGHT=2
