AVERAGE_WEIGHT_VALUE=0.0393357767826981
AVERAGE_INPUT_VALUE=0.17042316687390652
ADC_ACTION_SHARE=1.0
CIM_UNITS_PER_WEIGHT=4
SPECULATION_ENABLED=0
