AVERAGE_WEIGHT_VALUE=0.03844220249803685
AVERAGE_INPUT_VALUE=0.2809981279319646
ADC_ACTION_SHARE=1.0
CIM_UNITS_PER_WEIGHT=4
SPECULATION_ENABLED=0
