AVERAGE_WEIGHT_VALUE=0.04022732083168294
AVERAGE_INPUT_VALUE=0.3046470410045888
ADC_ACTION_SHARE=1.0
CIM_UNITS_PER_WEIGHT=4
SPECULATION_ENABLED=0
