AVERAGE_WEIGHT_VALUE=0.10320022939704358
AVERAGE_INPUT_VALUE=0.1711525189131965
ADC_ACTION_SHARE=1.0
CIM_UNITS_PER_WEIGHT=4
SPECULATION_ENABLED=0
