AVERAGE_WEIGHT_VALUE=0.08937435645299653
AVERAGE_INPUT_VALUE=0.1630687302827677
ADC_ACTION_SHARE=1.0
CIM_UNITS_PER_WEIGHT=4
SPECULATION_ENABLED=0
