AVERAGE_WEIGHT_VALUE=0.03971037798457676
AVERAGE_INPUT_VALUE=0.3064710473772946
ADC_ACTION_SHARE=1.0
CIM_UNITS_PER_WEIGHT=4
SPECULATION_ENABLED=0
