AVERAGE_WEIGHT_VALUE=0.03622403879546457
AVERAGE_INPUT_VALUE=0.27499685266285184
ADC_ACTION_SHARE=1.0
CIM_UNITS_PER_WEIGHT=4
SPECULATION_ENABLED=0
