AVERAGE_WEIGHT_VALUE=0.04153465082248052
AVERAGE_INPUT_VALUE=0.14450240400921235
ADC_ACTION_SHARE=1.0
CIM_UNITS_PER_WEIGHT=4
SPECULATION_ENABLED=0
