AVERAGE_WEIGHT_VALUE=0.032965816526363295
AVERAGE_INPUT_VALUE=0.28673119757567583
ADC_ACTION_SHARE=1.0
CIM_UNITS_PER_WEIGHT=4
SPECULATION_ENABLED=0
