AVERAGE_WEIGHT_VALUE=0.03357530471661852
AVERAGE_INPUT_VALUE=0.18021237315244273
ADC_ACTION_SHARE=1.0
CIM_UNITS_PER_WEIGHT=4
SPECULATION_ENABLED=0
