AVERAGE_WEIGHT_VALUE=0.08411940592341124
AVERAGE_INPUT_VALUE=0.23442385887276954
ADC_ACTION_SHARE=1.0
CIM_UNITS_PER_WEIGHT=4
SPECULATION_ENABLED=0
