AVERAGE_WEIGHT_VALUE=0.03713635857170124
AVERAGE_INPUT_VALUE=0.119722447351053
ADC_ACTION_SHARE=1.0
CIM_UNITS_PER_WEIGHT=4
SPECULATION_ENABLED=0
