AVERAGE_WEIGHT_VALUE=0.0404984095858203
AVERAGE_INPUT_VALUE=0.27488042845219574
ADC_ACTION_SHARE=1.0
CIM_UNITS_PER_WEIGHT=4
SPECULATION_ENABLED=0
