AVERAGE_WEIGHT_VALUE=0.088831018935889
AVERAGE_INPUT_VALUE=0.4070307923991802
ADC_ACTION_SHARE=1.0
CIM_UNITS_PER_WEIGHT=4
SPECULATION_ENABLED=0
