AVERAGE_WEIGHT_VALUE=0.040976744227939184
AVERAGE_INPUT_VALUE=0.30418169209710344
ADC_ACTION_SHARE=1.0
CIM_UNITS_PER_WEIGHT=4
SPECULATION_ENABLED=0
