AVERAGE_WEIGHT_VALUE=0.039926939712151784
AVERAGE_INPUT_VALUE=0.12048093766203953
ADC_ACTION_SHARE=1.0
CIM_UNITS_PER_WEIGHT=4
SPECULATION_ENABLED=0
