AVERAGE_WEIGHT_VALUE=0.04097225957888844
AVERAGE_INPUT_VALUE=0.25395010693229403
ADC_ACTION_SHARE=1.0
CIM_UNITS_PER_WEIGHT=4
SPECULATION_ENABLED=0
