AVERAGE_WEIGHT_VALUE=0.03536031586635444
AVERAGE_INPUT_VALUE=0.2033878593810789
ADC_ACTION_SHARE=1.0
CIM_UNITS_PER_WEIGHT=4
SPECULATION_ENABLED=0
