AVERAGE_WEIGHT_VALUE=0.0558838802907202
AVERAGE_INPUT_VALUE=0.9159412803907929
ADC_ACTION_SHARE=0.5879033542282525
CIM_UNITS_PER_WEIGHT=3
