AVERAGE_WEIGHT_VALUE=0.037949400519331294
AVERAGE_INPUT_VALUE=0.44076444470643206
ADC_ACTION_SHARE=0.43151944463212716
CIM_UNITS_PER_WEIGHT=3
