AVERAGE_WEIGHT_VALUE=0.039412434895833334
AVERAGE_INPUT_VALUE=0.6854420716095802
ADC_ACTION_SHARE=0.38204953446506923
CIM_UNITS_PER_WEIGHT=3
