AVERAGE_WEIGHT_VALUE=0.011496139163030723
AVERAGE_INPUT_VALUE=0.4022736640115563
ADC_ACTION_SHARE=0.380081438456547
CIM_UNITS_PER_WEIGHT=8
