AVERAGE_WEIGHT_VALUE=0.04012380148698058
AVERAGE_INPUT_VALUE=0.2782620445609957
ADC_ACTION_SHARE=0.4415783792870888
CIM_UNITS_PER_WEIGHT=3
