AVERAGE_WEIGHT_VALUE=0.13358697070895384
AVERAGE_INPUT_VALUE=0.20856628024726448
ADC_ACTION_SHARE=0.6064596836750997
CIM_UNITS_PER_WEIGHT=2
