AVERAGE_WEIGHT_VALUE=0.04042022703280155
AVERAGE_INPUT_VALUE=0.05244692525866773
ADC_ACTION_SHARE=0.38194638666875963
CIM_UNITS_PER_WEIGHT=3
