AVERAGE_WEIGHT_VALUE=0.03787941452529695
AVERAGE_INPUT_VALUE=0.8812884855519408
ADC_ACTION_SHARE=0.6644854369381118
CIM_UNITS_PER_WEIGHT=3
