AVERAGE_WEIGHT_VALUE=0.039351048041135074
AVERAGE_INPUT_VALUE=0.3097733186167236
ADC_ACTION_SHARE=0.43503948543639614
CIM_UNITS_PER_WEIGHT=3
