AVERAGE_WEIGHT_VALUE=0.040050900872382854
AVERAGE_INPUT_VALUE=0.20856628024726448
ADC_ACTION_SHARE=0.3871585804289386
CIM_UNITS_PER_WEIGHT=3
