AVERAGE_WEIGHT_VALUE=0.042060004340277776
AVERAGE_INPUT_VALUE=0.5297901249120103
ADC_ACTION_SHARE=0.5475153452741407
CIM_UNITS_PER_WEIGHT=3
