AVERAGE_WEIGHT_VALUE=0.04177095433697105
AVERAGE_INPUT_VALUE=0.3722580625738424
ADC_ACTION_SHARE=0.4369285982939853
CIM_UNITS_PER_WEIGHT=3
