AVERAGE_WEIGHT_VALUE=0.04139081909476469
AVERAGE_INPUT_VALUE=0.20772161429186736
ADC_ACTION_SHARE=0.403621691171947
CIM_UNITS_PER_WEIGHT=3
