AVERAGE_WEIGHT_VALUE=0.05870587384431726
AVERAGE_INPUT_VALUE=0.5088636997406288
ADC_ACTION_SHARE=0.5055964601923488
CIM_UNITS_PER_WEIGHT=3
