AVERAGE_WEIGHT_VALUE=0.04128621419270833
AVERAGE_INPUT_VALUE=0.5175408549661016
ADC_ACTION_SHARE=0.5408639666777124
CIM_UNITS_PER_WEIGHT=3
