AVERAGE_WEIGHT_VALUE=0.03638237913449605
AVERAGE_INPUT_VALUE=0.8787954756996427
ADC_ACTION_SHARE=0.5355663816272109
CIM_UNITS_PER_WEIGHT=3
