AVERAGE_WEIGHT_VALUE=0.03729817762246563
AVERAGE_INPUT_VALUE=0.5599086795761635
ADC_ACTION_SHARE=0.5721789293543056
CIM_UNITS_PER_WEIGHT=3
