AVERAGE_WEIGHT_VALUE=0.04160056056247817
AVERAGE_INPUT_VALUE=0.14757488438755306
ADC_ACTION_SHARE=0.39126161329812253
CIM_UNITS_PER_WEIGHT=3
