AVERAGE_WEIGHT_VALUE=0.04358573302419649
AVERAGE_INPUT_VALUE=0.4302675021997077
ADC_ACTION_SHARE=0.4444425267058982
CIM_UNITS_PER_WEIGHT=3
