AVERAGE_WEIGHT_VALUE=0.03871998004356606
AVERAGE_INPUT_VALUE=0.5599086795761635
ADC_ACTION_SHARE=0.5738708364663931
CIM_UNITS_PER_WEIGHT=3
