AVERAGE_WEIGHT_VALUE=0.04073109327711993
AVERAGE_INPUT_VALUE=0.2943602417307545
ADC_ACTION_SHARE=0.42515350136465707
CIM_UNITS_PER_WEIGHT=3
