AVERAGE_WEIGHT_VALUE=0.03429000384898649
AVERAGE_INPUT_VALUE=0.24267198872166368
ADC_ACTION_SHARE=0.415820905301848
CIM_UNITS_PER_WEIGHT=3
