AVERAGE_WEIGHT_VALUE=0.04083397652332981
AVERAGE_INPUT_VALUE=0.37318755017378635
ADC_ACTION_SHARE=0.40663756330734085
CIM_UNITS_PER_WEIGHT=3
