AVERAGE_WEIGHT_VALUE=0.04223567209620442
AVERAGE_INPUT_VALUE=0.4767900777961398
ADC_ACTION_SHARE=0.41816509020374354
CIM_UNITS_PER_WEIGHT=3
