AVERAGE_WEIGHT_VALUE=0.04336516729866465
AVERAGE_INPUT_VALUE=0.14757488438755306
ADC_ACTION_SHARE=0.39028811166552635
CIM_UNITS_PER_WEIGHT=3
