AVERAGE_WEIGHT_VALUE=0.03914082845052083
AVERAGE_INPUT_VALUE=0.24267198872166368
ADC_ACTION_SHARE=0.4317040961585623
CIM_UNITS_PER_WEIGHT=3
