AVERAGE_WEIGHT_VALUE=0.04414496374213033
AVERAGE_INPUT_VALUE=0.20856628024726448
ADC_ACTION_SHARE=0.38774856283159576
CIM_UNITS_PER_WEIGHT=3
