AVERAGE_WEIGHT_VALUE=0.03587055323053694
AVERAGE_INPUT_VALUE=0.110742005543223
ADC_ACTION_SHARE=0.38054662937431555
CIM_UNITS_PER_WEIGHT=3
