AVERAGE_WEIGHT_VALUE=0.035923937018702015
AVERAGE_INPUT_VALUE=0.26678940271096424
ADC_ACTION_SHARE=0.43492657412336305
CIM_UNITS_PER_WEIGHT=3
