AVERAGE_WEIGHT_VALUE=0.03751278960973852
AVERAGE_INPUT_VALUE=0.26678940271096424
ADC_ACTION_SHARE=0.4384605767865661
CIM_UNITS_PER_WEIGHT=3
