AVERAGE_WEIGHT_VALUE=0.038037109375
AVERAGE_INPUT_VALUE=0.6642625025391795
ADC_ACTION_SHARE=0.4953741808495824
CIM_UNITS_PER_WEIGHT=3
