AVERAGE_WEIGHT_VALUE=0.04130588107638889
AVERAGE_INPUT_VALUE=0.3761152754025838
ADC_ACTION_SHARE=0.4099538635928184
CIM_UNITS_PER_WEIGHT=3
