AVERAGE_WEIGHT_VALUE=0.0354070214399447
AVERAGE_INPUT_VALUE=0.5126497580233826
ADC_ACTION_SHARE=0.44321563477238657
CIM_UNITS_PER_WEIGHT=3
