AVERAGE_WEIGHT_VALUE=0.042621137145518635
AVERAGE_INPUT_VALUE=0.1784888325039131
ADC_ACTION_SHARE=0.4203621296633389
CIM_UNITS_PER_WEIGHT=3
