AVERAGE_WEIGHT_VALUE=0.04040141427249182
AVERAGE_INPUT_VALUE=0.28896363276218895
ADC_ACTION_SHARE=0.41964486114958405
CIM_UNITS_PER_WEIGHT=3
