AVERAGE_WEIGHT_VALUE=0.03707561768177483
AVERAGE_INPUT_VALUE=0.38746764935814776
ADC_ACTION_SHARE=0.46276409247712724
CIM_UNITS_PER_WEIGHT=3
