AVERAGE_WEIGHT_VALUE=0.041748779148070354
AVERAGE_INPUT_VALUE=0.41760950994264734
ADC_ACTION_SHARE=0.4616987629764018
CIM_UNITS_PER_WEIGHT=3
