AVERAGE_WEIGHT_VALUE=0.0393440382865568
AVERAGE_INPUT_VALUE=0.2425272987468713
ADC_ACTION_SHARE=0.43158033411831614
CIM_UNITS_PER_WEIGHT=3
