AVERAGE_WEIGHT_VALUE=0.0394458925868902
AVERAGE_INPUT_VALUE=0.6819450232188963
ADC_ACTION_SHARE=0.5017060520787718
CIM_UNITS_PER_WEIGHT=3
