AVERAGE_WEIGHT_VALUE=0.040198432074652776
AVERAGE_INPUT_VALUE=0.24267198872166368
ADC_ACTION_SHARE=0.43527617806534247
CIM_UNITS_PER_WEIGHT=3
