AVERAGE_WEIGHT_VALUE=0.03820054796006944
AVERAGE_INPUT_VALUE=0.2425272987468713
ADC_ACTION_SHARE=0.43117192831067813
CIM_UNITS_PER_WEIGHT=3
