AVERAGE_WEIGHT_VALUE=0.03167390269744727
AVERAGE_INPUT_VALUE=0.5599086795761635
ADC_ACTION_SHARE=0.5596297778997315
CIM_UNITS_PER_WEIGHT=3
