AVERAGE_WEIGHT_VALUE=0.043991528151349886
AVERAGE_INPUT_VALUE=0.5581904309787411
ADC_ACTION_SHARE=0.48674196279829457
CIM_UNITS_PER_WEIGHT=3
