AVERAGE_WEIGHT_VALUE=0.040795748360041115
AVERAGE_INPUT_VALUE=0.2425272987468713
ADC_ACTION_SHARE=0.43551869489124445
CIM_UNITS_PER_WEIGHT=3
