AVERAGE_WEIGHT_VALUE=0.04153565510900484
AVERAGE_INPUT_VALUE=0.49659574597625045
ADC_ACTION_SHARE=0.4292474778162108
CIM_UNITS_PER_WEIGHT=3
