AVERAGE_WEIGHT_VALUE=0.039126800725029574
AVERAGE_INPUT_VALUE=0.7794888027084047
ADC_ACTION_SHARE=0.4451149326192323
CIM_UNITS_PER_WEIGHT=3
