AVERAGE_WEIGHT_VALUE=0.041184646350383346
AVERAGE_INPUT_VALUE=0.14757488438755306
ADC_ACTION_SHARE=0.3909031867697772
CIM_UNITS_PER_WEIGHT=3
