AVERAGE_WEIGHT_VALUE=0.042523193359375
AVERAGE_INPUT_VALUE=0.5906718355437721
ADC_ACTION_SHARE=0.5916072692544687
CIM_UNITS_PER_WEIGHT=3
