AVERAGE_WEIGHT_VALUE=0.13007405674822317
AVERAGE_INPUT_VALUE=0.110742005543223
ADC_ACTION_SHARE=0.5691868013925289
CIM_UNITS_PER_WEIGHT=2
