AVERAGE_WEIGHT_VALUE=0.04338644847868838
AVERAGE_INPUT_VALUE=0.20884175814097444
ADC_ACTION_SHARE=0.42315485378032386
CIM_UNITS_PER_WEIGHT=3
