AVERAGE_WEIGHT_VALUE=0.03985540436373816
AVERAGE_INPUT_VALUE=0.07127916852757138
ADC_ACTION_SHARE=0.39042927216006174
CIM_UNITS_PER_WEIGHT=3
