AVERAGE_WEIGHT_VALUE=0.04190734489174146
AVERAGE_INPUT_VALUE=0.2240719792145984
ADC_ACTION_SHARE=0.41776949869151797
CIM_UNITS_PER_WEIGHT=3
