AVERAGE_WEIGHT_VALUE=0.040788665869169766
AVERAGE_INPUT_VALUE=0.6819450232188963
ADC_ACTION_SHARE=0.4694447933090111
CIM_UNITS_PER_WEIGHT=3
