AVERAGE_WEIGHT_VALUE=0.03993665907118056
AVERAGE_INPUT_VALUE=0.3761152754025838
ADC_ACTION_SHARE=0.40741479006921133
CIM_UNITS_PER_WEIGHT=3
