AVERAGE_WEIGHT_VALUE=0.12919462711336868
AVERAGE_INPUT_VALUE=0.110742005543223
ADC_ACTION_SHARE=0.5726475549169072
CIM_UNITS_PER_WEIGHT=2
