AVERAGE_WEIGHT_VALUE=0.04197048671129677
AVERAGE_INPUT_VALUE=0.6819450232188963
ADC_ACTION_SHARE=0.4676424884409816
CIM_UNITS_PER_WEIGHT=3
