AVERAGE_WEIGHT_VALUE=0.44626666666666664
AVERAGE_INPUT_VALUE=0.16717500425505616
ADC_ACTION_SHARE=1.0
CIM_UNITS_PER_WEIGHT=4
SPECULATION_ENABLED=0
