AVERAGE_WEIGHT_VALUE=0.4643916666666666
AVERAGE_INPUT_VALUE=0.12621472089764554
ADC_ACTION_SHARE=1.0
CIM_UNITS_PER_WEIGHT=4
SPECULATION_ENABLED=0
