AVERAGE_WEIGHT_VALUE=0.45694999999999997
AVERAGE_INPUT_VALUE=0.15013436427211665
ADC_ACTION_SHARE=1.0
CIM_UNITS_PER_WEIGHT=4
SPECULATION_ENABLED=0
