AVERAGE_WEIGHT_VALUE=0.4434916666666668
AVERAGE_INPUT_VALUE=0.06542928582803131
ADC_ACTION_SHARE=1.0
CIM_UNITS_PER_WEIGHT=4
SPECULATION_ENABLED=0
