AVERAGE_WEIGHT_VALUE=0.46517499999999995
AVERAGE_INPUT_VALUE=0.07345225055560861
ADC_ACTION_SHARE=1.0
CIM_UNITS_PER_WEIGHT=4
SPECULATION_ENABLED=0
