AVERAGE_WEIGHT_VALUE=0.46256666666666674
AVERAGE_INPUT_VALUE=0.1236224830535612
ADC_ACTION_SHARE=1.0
CIM_UNITS_PER_WEIGHT=4
SPECULATION_ENABLED=0
