AVERAGE_WEIGHT_VALUE=0.4106666666666667
AVERAGE_INPUT_VALUE=0.07444947528965254
ADC_ACTION_SHARE=1.0
CIM_UNITS_PER_WEIGHT=4
SPECULATION_ENABLED=0
