AVERAGE_WEIGHT_VALUE=0.41920833333333335
AVERAGE_INPUT_VALUE=0.07351097818140069
ADC_ACTION_SHARE=1.0
CIM_UNITS_PER_WEIGHT=4
SPECULATION_ENABLED=0
