AVERAGE_WEIGHT_VALUE=0.30760000000000004
AVERAGE_INPUT_VALUE=0.22629630255573466
ADC_ACTION_SHARE=1.0
CIM_UNITS_PER_WEIGHT=4
SPECULATION_ENABLED=0
