AVERAGE_WEIGHT_VALUE=0.4443333333333333
AVERAGE_INPUT_VALUE=0.08664660315263614
ADC_ACTION_SHARE=1.0
CIM_UNITS_PER_WEIGHT=4
SPECULATION_ENABLED=0
