AVERAGE_WEIGHT_VALUE=0.46578333333333327
AVERAGE_INPUT_VALUE=0.043179638989285604
ADC_ACTION_SHARE=1.0
CIM_UNITS_PER_WEIGHT=4
SPECULATION_ENABLED=0
