AVERAGE_WEIGHT_VALUE=0.4750250000000001
AVERAGE_INPUT_VALUE=0.08314262901191773
ADC_ACTION_SHARE=1.0
CIM_UNITS_PER_WEIGHT=4
SPECULATION_ENABLED=0
