AVERAGE_WEIGHT_VALUE=0.4684083333333333
AVERAGE_INPUT_VALUE=0.10739304543297687
ADC_ACTION_SHARE=1.0
CIM_UNITS_PER_WEIGHT=4
SPECULATION_ENABLED=0
