AVERAGE_WEIGHT_VALUE=0.47937499999999994
AVERAGE_INPUT_VALUE=0.057233510999649316
ADC_ACTION_SHARE=1.0
CIM_UNITS_PER_WEIGHT=4
SPECULATION_ENABLED=0
