AVERAGE_WEIGHT_VALUE=0.45778333333333326
AVERAGE_INPUT_VALUE=0.14965978162239985
ADC_ACTION_SHARE=1.0
CIM_UNITS_PER_WEIGHT=4
SPECULATION_ENABLED=0
