AVERAGE_WEIGHT_VALUE=0.44296666666666656
AVERAGE_INPUT_VALUE=0.07913483850322765
ADC_ACTION_SHARE=1.0
CIM_UNITS_PER_WEIGHT=4
SPECULATION_ENABLED=0
