AVERAGE_WEIGHT_VALUE=0.48270833333333335
AVERAGE_INPUT_VALUE=0.07029414379795319
ADC_ACTION_SHARE=1.0
CIM_UNITS_PER_WEIGHT=4
SPECULATION_ENABLED=0
