AVERAGE_WEIGHT_VALUE=0.37167500000000003
AVERAGE_INPUT_VALUE=0.1269382342755741
ADC_ACTION_SHARE=1.0
CIM_UNITS_PER_WEIGHT=4
SPECULATION_ENABLED=0
