AVERAGE_WEIGHT_VALUE=0.4454083333333334
AVERAGE_INPUT_VALUE=0.07682094067784567
ADC_ACTION_SHARE=1.0
CIM_UNITS_PER_WEIGHT=4
SPECULATION_ENABLED=0
