AVERAGE_WEIGHT_VALUE=0.47491666666666665
AVERAGE_INPUT_VALUE=0.11860279954366762
ADC_ACTION_SHARE=1.0
CIM_UNITS_PER_WEIGHT=4
SPECULATION_ENABLED=0
