AVERAGE_WEIGHT_VALUE=0.45836666666666664
AVERAGE_INPUT_VALUE=0.15109541188919265
ADC_ACTION_SHARE=1.0
CIM_UNITS_PER_WEIGHT=4
SPECULATION_ENABLED=0
