AVERAGE_WEIGHT_VALUE=0.45202500000000007
AVERAGE_INPUT_VALUE=0.07057971419118529
ADC_ACTION_SHARE=1.0
CIM_UNITS_PER_WEIGHT=4
SPECULATION_ENABLED=0
