AVERAGE_WEIGHT_VALUE=0.2938583333333334
AVERAGE_INPUT_VALUE=0.1776378925278329
ADC_ACTION_SHARE=1.0
CIM_UNITS_PER_WEIGHT=4
SPECULATION_ENABLED=0
