AVERAGE_WEIGHT_VALUE=0.43172499999999997
AVERAGE_INPUT_VALUE=0.08466768238990213
ADC_ACTION_SHARE=1.0
CIM_UNITS_PER_WEIGHT=4
SPECULATION_ENABLED=0
