AVERAGE_WEIGHT_VALUE=0.40395833333333336
AVERAGE_INPUT_VALUE=0.08811542765848802
ADC_ACTION_SHARE=1.0
CIM_UNITS_PER_WEIGHT=4
SPECULATION_ENABLED=0
