AVERAGE_WEIGHT_VALUE=0.4522166666666667
AVERAGE_INPUT_VALUE=0.01821268701889319
ADC_ACTION_SHARE=1.0
CIM_UNITS_PER_WEIGHT=4
SPECULATION_ENABLED=0
