AVERAGE_WEIGHT_VALUE=0.45374999999999993
AVERAGE_INPUT_VALUE=0.05969234111146399
ADC_ACTION_SHARE=1.0
CIM_UNITS_PER_WEIGHT=4
SPECULATION_ENABLED=0
