AVERAGE_WEIGHT_VALUE=0.4274833333333334
AVERAGE_INPUT_VALUE=0.061676407239900304
ADC_ACTION_SHARE=1.0
CIM_UNITS_PER_WEIGHT=4
SPECULATION_ENABLED=0
