AVERAGE_WEIGHT_VALUE=0.45790000000000003
AVERAGE_INPUT_VALUE=0.1166956076832151
ADC_ACTION_SHARE=1.0
CIM_UNITS_PER_WEIGHT=4
SPECULATION_ENABLED=0
