AVERAGE_WEIGHT_VALUE=0.4655416666666667
AVERAGE_INPUT_VALUE=0.11629530227496943
ADC_ACTION_SHARE=1.0
CIM_UNITS_PER_WEIGHT=4
SPECULATION_ENABLED=0
