AVERAGE_WEIGHT_VALUE=0.47055833333333325
AVERAGE_INPUT_VALUE=0.11271506998240158
ADC_ACTION_SHARE=1.0
CIM_UNITS_PER_WEIGHT=4
SPECULATION_ENABLED=0
