AVERAGE_WEIGHT_VALUE=0.23328333333333337
AVERAGE_INPUT_VALUE=0.09182831262458219
ADC_ACTION_SHARE=1.0
CIM_UNITS_PER_WEIGHT=4
SPECULATION_ENABLED=0
