AVERAGE_WEIGHT_VALUE=0.46029166666666677
AVERAGE_INPUT_VALUE=0.1241685836123366
ADC_ACTION_SHARE=1.0
CIM_UNITS_PER_WEIGHT=4
SPECULATION_ENABLED=0
