AVERAGE_WEIGHT_VALUE=0.4822083333333333
AVERAGE_INPUT_VALUE=0.07402063157396319
ADC_ACTION_SHARE=1.0
CIM_UNITS_PER_WEIGHT=4
SPECULATION_ENABLED=0
