AVERAGE_WEIGHT_VALUE=0.45597499999999996
AVERAGE_INPUT_VALUE=0.14598530730090728
ADC_ACTION_SHARE=1.0
CIM_UNITS_PER_WEIGHT=4
SPECULATION_ENABLED=0
