AVERAGE_WEIGHT_VALUE=0.46989166666666665
AVERAGE_INPUT_VALUE=0.1321542401201229
ADC_ACTION_SHARE=1.0
CIM_UNITS_PER_WEIGHT=4
SPECULATION_ENABLED=0
