AVERAGE_WEIGHT_VALUE=0.48084999999999994
AVERAGE_INPUT_VALUE=0.06594889961573132
ADC_ACTION_SHARE=1.0
CIM_UNITS_PER_WEIGHT=4
SPECULATION_ENABLED=0
