AVERAGE_WEIGHT_VALUE=0.40149999999999997
AVERAGE_INPUT_VALUE=0.3456847204570151
ADC_ACTION_SHARE=1.0
CIM_UNITS_PER_WEIGHT=4
SPECULATION_ENABLED=0
