AVERAGE_WEIGHT_VALUE=0.48311666666666664
AVERAGE_INPUT_VALUE=0.11408448830105264
ADC_ACTION_SHARE=1.0
CIM_UNITS_PER_WEIGHT=4
SPECULATION_ENABLED=0
