AVERAGE_WEIGHT_VALUE=0.48200833333333337
AVERAGE_INPUT_VALUE=0.23369088148791117
ADC_ACTION_SHARE=1.0
CIM_UNITS_PER_WEIGHT=4
SPECULATION_ENABLED=0
