AVERAGE_WEIGHT_VALUE=0.42721666666666674
AVERAGE_INPUT_VALUE=0.23992167424313965
ADC_ACTION_SHARE=1.0
CIM_UNITS_PER_WEIGHT=4
SPECULATION_ENABLED=0
