AVERAGE_WEIGHT_VALUE=0.47295000000000004
AVERAGE_INPUT_VALUE=0.11414597059698889
ADC_ACTION_SHARE=1.0
CIM_UNITS_PER_WEIGHT=4
SPECULATION_ENABLED=0
