AVERAGE_WEIGHT_VALUE=0.48279166666666656
AVERAGE_INPUT_VALUE=0.11955699195249009
ADC_ACTION_SHARE=1.0
CIM_UNITS_PER_WEIGHT=4
SPECULATION_ENABLED=0
