AVERAGE_WEIGHT_VALUE=0.48519166666666663
AVERAGE_INPUT_VALUE=0.04901364078000843
ADC_ACTION_SHARE=1.0
CIM_UNITS_PER_WEIGHT=4
SPECULATION_ENABLED=0
