AVERAGE_WEIGHT_VALUE=0.48019999999999996
AVERAGE_INPUT_VALUE=0.12773026190437747
ADC_ACTION_SHARE=1.0
CIM_UNITS_PER_WEIGHT=4
SPECULATION_ENABLED=0
