AVERAGE_WEIGHT_VALUE=0.03983347321886362
AVERAGE_INPUT_VALUE=0.06840506350052768
ADC_ACTION_SHARE=1.0
CIM_UNITS_PER_WEIGHT=4
SPECULATION_ENABLED=0
