AVERAGE_WEIGHT_VALUE=0.03746202271949086
AVERAGE_INPUT_VALUE=0.13781869261430796
ADC_ACTION_SHARE=1.0
CIM_UNITS_PER_WEIGHT=4
SPECULATION_ENABLED=0
