AVERAGE_WEIGHT_VALUE=0.041702948676215275
AVERAGE_INPUT_VALUE=0.06700143604153719
ADC_ACTION_SHARE=1.0
CIM_UNITS_PER_WEIGHT=4
SPECULATION_ENABLED=0
