AVERAGE_WEIGHT_VALUE=0.039148242011045414
AVERAGE_INPUT_VALUE=0.10760012581781232
ADC_ACTION_SHARE=1.0
CIM_UNITS_PER_WEIGHT=4
SPECULATION_ENABLED=0
