AVERAGE_WEIGHT_VALUE=0.0378387451171875
AVERAGE_INPUT_VALUE=0.15287879886980388
ADC_ACTION_SHARE=1.0
CIM_UNITS_PER_WEIGHT=4
SPECULATION_ENABLED=0
