AVERAGE_WEIGHT_VALUE=0.035820858093858175
AVERAGE_INPUT_VALUE=0.18834891098606862
ADC_ACTION_SHARE=1.0
CIM_UNITS_PER_WEIGHT=4
SPECULATION_ENABLED=0
