AVERAGE_WEIGHT_VALUE=0.03271874321831597
AVERAGE_INPUT_VALUE=0.13643142480015868
ADC_ACTION_SHARE=1.0
CIM_UNITS_PER_WEIGHT=4
SPECULATION_ENABLED=0
