AVERAGE_WEIGHT_VALUE=0.1346075693766276
AVERAGE_INPUT_VALUE=0.11007937202377176
ADC_ACTION_SHARE=1.0
CIM_UNITS_PER_WEIGHT=4
SPECULATION_ENABLED=0
