AVERAGE_WEIGHT_VALUE=0.0413358904964601
AVERAGE_INPUT_VALUE=0.10665419559004766
ADC_ACTION_SHARE=1.0
CIM_UNITS_PER_WEIGHT=4
SPECULATION_ENABLED=0
