AVERAGE_WEIGHT_VALUE=0.042711268530951606
AVERAGE_INPUT_VALUE=0.08749830259764063
ADC_ACTION_SHARE=1.0
CIM_UNITS_PER_WEIGHT=4
SPECULATION_ENABLED=0
