AVERAGE_WEIGHT_VALUE=0.04318644205729167
AVERAGE_INPUT_VALUE=0.1937402528557114
ADC_ACTION_SHARE=1.0
CIM_UNITS_PER_WEIGHT=4
SPECULATION_ENABLED=0
