AVERAGE_WEIGHT_VALUE=0.010027026929520844
AVERAGE_INPUT_VALUE=0.19098505919239306
ADC_ACTION_SHARE=1.0
CIM_UNITS_PER_WEIGHT=4
SPECULATION_ENABLED=0
