AVERAGE_WEIGHT_VALUE=0.038732269251947095
AVERAGE_INPUT_VALUE=0.05011197090157663
ADC_ACTION_SHARE=1.0
CIM_UNITS_PER_WEIGHT=4
SPECULATION_ENABLED=0
