AVERAGE_WEIGHT_VALUE=0.13365885416666667
AVERAGE_INPUT_VALUE=0.23369088186717862
ADC_ACTION_SHARE=1.0
CIM_UNITS_PER_WEIGHT=4
SPECULATION_ENABLED=0
