AVERAGE_WEIGHT_VALUE=0.03685598242381174
AVERAGE_INPUT_VALUE=0.14247656204642162
ADC_ACTION_SHARE=1.0
CIM_UNITS_PER_WEIGHT=4
SPECULATION_ENABLED=0
