AVERAGE_WEIGHT_VALUE=0.0407807349479602
AVERAGE_INPUT_VALUE=0.05242787322036532
ADC_ACTION_SHARE=1.0
CIM_UNITS_PER_WEIGHT=4
SPECULATION_ENABLED=0
