AVERAGE_WEIGHT_VALUE=0.03822253716255849
AVERAGE_INPUT_VALUE=0.11616509963882897
ADC_ACTION_SHARE=1.0
CIM_UNITS_PER_WEIGHT=4
SPECULATION_ENABLED=0
