AVERAGE_WEIGHT_VALUE=0.03709807094419375
AVERAGE_INPUT_VALUE=0.09510504236019071
ADC_ACTION_SHARE=1.0
CIM_UNITS_PER_WEIGHT=4
SPECULATION_ENABLED=0
