AVERAGE_WEIGHT_VALUE=0.03792136974839701
AVERAGE_INPUT_VALUE=0.2427538132173027
ADC_ACTION_SHARE=1.0
CIM_UNITS_PER_WEIGHT=4
SPECULATION_ENABLED=0
