AVERAGE_WEIGHT_VALUE=0.038411739410366866
AVERAGE_INPUT_VALUE=0.13099208207034602
ADC_ACTION_SHARE=1.0
CIM_UNITS_PER_WEIGHT=4
SPECULATION_ENABLED=0
