AVERAGE_WEIGHT_VALUE=0.12680338596304258
AVERAGE_INPUT_VALUE=0.29353412295853243
ADC_ACTION_SHARE=1.0
CIM_UNITS_PER_WEIGHT=4
SPECULATION_ENABLED=0
