AVERAGE_WEIGHT_VALUE=0.036340784954114094
AVERAGE_INPUT_VALUE=0.1636266497515942
ADC_ACTION_SHARE=1.0
CIM_UNITS_PER_WEIGHT=4
SPECULATION_ENABLED=0
