AVERAGE_WEIGHT_VALUE=0.03683207947760821
AVERAGE_INPUT_VALUE=0.1733084894590568
ADC_ACTION_SHARE=1.0
CIM_UNITS_PER_WEIGHT=4
SPECULATION_ENABLED=0
