AVERAGE_WEIGHT_VALUE=0.03922003461048007
AVERAGE_INPUT_VALUE=0.19393563161663713
ADC_ACTION_SHARE=1.0
CIM_UNITS_PER_WEIGHT=4
SPECULATION_ENABLED=0
