AVERAGE_WEIGHT_VALUE=0.038309885121675
AVERAGE_INPUT_VALUE=0.05946955230620016
ADC_ACTION_SHARE=1.0
CIM_UNITS_PER_WEIGHT=4
SPECULATION_ENABLED=0
