AVERAGE_WEIGHT_VALUE=0.039501004279332445
AVERAGE_INPUT_VALUE=0.09005644337185996
ADC_ACTION_SHARE=1.0
CIM_UNITS_PER_WEIGHT=4
SPECULATION_ENABLED=0
