AVERAGE_WEIGHT_VALUE=0.03948748684520575
AVERAGE_INPUT_VALUE=0.06199996756549448
ADC_ACTION_SHARE=1.0
CIM_UNITS_PER_WEIGHT=4
SPECULATION_ENABLED=0
