AVERAGE_WEIGHT_VALUE=0.13100800481139838
AVERAGE_INPUT_VALUE=0.029466945872420026
ADC_ACTION_SHARE=1.0
CIM_UNITS_PER_WEIGHT=4
SPECULATION_ENABLED=0
