AVERAGE_WEIGHT_VALUE=0.037988169491291045
AVERAGE_INPUT_VALUE=0.15465373821840217
ADC_ACTION_SHARE=1.0
CIM_UNITS_PER_WEIGHT=4
SPECULATION_ENABLED=0
