AVERAGE_WEIGHT_VALUE=0.03872816297743056
AVERAGE_INPUT_VALUE=0.15758032339981365
ADC_ACTION_SHARE=1.0
CIM_UNITS_PER_WEIGHT=4
SPECULATION_ENABLED=0
