AVERAGE_WEIGHT_VALUE=0.04401365736266598
AVERAGE_INPUT_VALUE=0.06208391335801137
ADC_ACTION_SHARE=1.0
CIM_UNITS_PER_WEIGHT=4
SPECULATION_ENABLED=0
