AVERAGE_WEIGHT_VALUE=0.04266010676769332
AVERAGE_INPUT_VALUE=0.08764326437036588
ADC_ACTION_SHARE=1.0
CIM_UNITS_PER_WEIGHT=4
SPECULATION_ENABLED=0
