AVERAGE_WEIGHT_VALUE=0.04327136458466864
AVERAGE_INPUT_VALUE=0.07272294244286931
ADC_ACTION_SHARE=1.0
CIM_UNITS_PER_WEIGHT=4
SPECULATION_ENABLED=0
