AVERAGE_WEIGHT_VALUE=0.038826799392700194
AVERAGE_INPUT_VALUE=0.1661382728447539
ADC_ACTION_SHARE=1.0
CIM_UNITS_PER_WEIGHT=4
SPECULATION_ENABLED=0
