AVERAGE_WEIGHT_VALUE=0.038094287582983576
AVERAGE_INPUT_VALUE=0.06120925416500778
ADC_ACTION_SHARE=1.0
CIM_UNITS_PER_WEIGHT=4
SPECULATION_ENABLED=0
