AVERAGE_WEIGHT_VALUE=0.042863457794818614
AVERAGE_INPUT_VALUE=0.05133861958232783
ADC_ACTION_SHARE=1.0
CIM_UNITS_PER_WEIGHT=4
SPECULATION_ENABLED=0
