AVERAGE_WEIGHT_VALUE=0.04359537849409713
AVERAGE_INPUT_VALUE=0.3105015090840468
ADC_ACTION_SHARE=1.0
CIM_UNITS_PER_WEIGHT=4
SPECULATION_ENABLED=0
