AVERAGE_WEIGHT_VALUE=0.03313975546560768
AVERAGE_INPUT_VALUE=0.21211604092154596
ADC_ACTION_SHARE=1.0
CIM_UNITS_PER_WEIGHT=4
SPECULATION_ENABLED=0
