AVERAGE_WEIGHT_VALUE=0.04230216473806649
AVERAGE_INPUT_VALUE=0.08069581037534408
ADC_ACTION_SHARE=1.0
CIM_UNITS_PER_WEIGHT=4
SPECULATION_ENABLED=0
