AVERAGE_WEIGHT_VALUE=0.03789808726610823
AVERAGE_INPUT_VALUE=0.07559454235402269
ADC_ACTION_SHARE=1.0
CIM_UNITS_PER_WEIGHT=4
SPECULATION_ENABLED=0
