AVERAGE_WEIGHT_VALUE=0.04098307291666667
AVERAGE_INPUT_VALUE=0.15758032339981365
ADC_ACTION_SHARE=1.0
CIM_UNITS_PER_WEIGHT=4
SPECULATION_ENABLED=0
