AVERAGE_WEIGHT_VALUE=0.03890674816082335
AVERAGE_INPUT_VALUE=0.0839757077566598
ADC_ACTION_SHARE=1.0
CIM_UNITS_PER_WEIGHT=4
SPECULATION_ENABLED=0
