AVERAGE_WEIGHT_VALUE=0.03831557724366172
AVERAGE_INPUT_VALUE=0.06978109594684694
ADC_ACTION_SHARE=1.0
CIM_UNITS_PER_WEIGHT=4
SPECULATION_ENABLED=0
