AVERAGE_WEIGHT_VALUE=0.4398166666666667
AVERAGE_INPUT_VALUE=0.13392560887004018
ADC_ACTION_SHARE=1.0
CIM_UNITS_PER_WEIGHT=4
SPECULATION_ENABLED=0
