AVERAGE_WEIGHT_VALUE=0.46964999999999996
AVERAGE_INPUT_VALUE=0.2022755426031473
ADC_ACTION_SHARE=1.0
CIM_UNITS_PER_WEIGHT=4
SPECULATION_ENABLED=0
