AVERAGE_WEIGHT_VALUE=0.43369166666666675
AVERAGE_INPUT_VALUE=0.17266823654796776
ADC_ACTION_SHARE=1.0
CIM_UNITS_PER_WEIGHT=4
SPECULATION_ENABLED=0
