AVERAGE_WEIGHT_VALUE=0.4823666666666668
AVERAGE_INPUT_VALUE=0.13990766305957028
ADC_ACTION_SHARE=1.0
CIM_UNITS_PER_WEIGHT=4
SPECULATION_ENABLED=0
