AVERAGE_WEIGHT_VALUE=0.47929166666666667
AVERAGE_INPUT_VALUE=0.14492747242524281
ADC_ACTION_SHARE=1.0
CIM_UNITS_PER_WEIGHT=4
SPECULATION_ENABLED=0
