AVERAGE_WEIGHT_VALUE=0.4656416666666667
AVERAGE_INPUT_VALUE=0.13781869261430796
ADC_ACTION_SHARE=1.0
CIM_UNITS_PER_WEIGHT=4
SPECULATION_ENABLED=0
