AVERAGE_WEIGHT_VALUE=0.48689999999999994
AVERAGE_INPUT_VALUE=0.04951566929282709
ADC_ACTION_SHARE=1.0
CIM_UNITS_PER_WEIGHT=4
SPECULATION_ENABLED=0
