AVERAGE_WEIGHT_VALUE=0.4784333333333333
AVERAGE_INPUT_VALUE=0.08271610631774572
ADC_ACTION_SHARE=1.0
CIM_UNITS_PER_WEIGHT=4
SPECULATION_ENABLED=0
