AVERAGE_WEIGHT_VALUE=0.45905833333333335
AVERAGE_INPUT_VALUE=0.15068369722896247
ADC_ACTION_SHARE=1.0
CIM_UNITS_PER_WEIGHT=4
SPECULATION_ENABLED=0
