AVERAGE_WEIGHT_VALUE=0.48447500000000004
AVERAGE_INPUT_VALUE=0.15208597657512643
ADC_ACTION_SHARE=1.0
CIM_UNITS_PER_WEIGHT=4
SPECULATION_ENABLED=0
