AVERAGE_WEIGHT_VALUE=0.47337500000000005
AVERAGE_INPUT_VALUE=0.08069647435166556
ADC_ACTION_SHARE=1.0
CIM_UNITS_PER_WEIGHT=4
SPECULATION_ENABLED=0
