AVERAGE_WEIGHT_VALUE=0.4706666666666666
AVERAGE_INPUT_VALUE=0.11111451743126312
ADC_ACTION_SHARE=1.0
CIM_UNITS_PER_WEIGHT=4
SPECULATION_ENABLED=0
