AVERAGE_WEIGHT_VALUE=0.48066666666666663
AVERAGE_INPUT_VALUE=0.1135403338594702
ADC_ACTION_SHARE=1.0
CIM_UNITS_PER_WEIGHT=4
SPECULATION_ENABLED=0
