AVERAGE_WEIGHT_VALUE=0.48225000000000007
AVERAGE_INPUT_VALUE=0.11530876695713276
ADC_ACTION_SHARE=1.0
CIM_UNITS_PER_WEIGHT=4
SPECULATION_ENABLED=0
