AVERAGE_WEIGHT_VALUE=0.4846333333333333
AVERAGE_INPUT_VALUE=0.0848991079242066
ADC_ACTION_SHARE=1.0
CIM_UNITS_PER_WEIGHT=4
SPECULATION_ENABLED=0
