AVERAGE_WEIGHT_VALUE=0.4783916666666667
AVERAGE_INPUT_VALUE=0.09005644337185996
ADC_ACTION_SHARE=1.0
CIM_UNITS_PER_WEIGHT=4
SPECULATION_ENABLED=0
