AVERAGE_WEIGHT_VALUE=0.4840249999999999
AVERAGE_INPUT_VALUE=0.05768561927416772
ADC_ACTION_SHARE=1.0
CIM_UNITS_PER_WEIGHT=4
SPECULATION_ENABLED=0
