AVERAGE_WEIGHT_VALUE=0.48501666666666665
AVERAGE_INPUT_VALUE=0.11304221175322753
ADC_ACTION_SHARE=1.0
CIM_UNITS_PER_WEIGHT=4
SPECULATION_ENABLED=0
