AVERAGE_WEIGHT_VALUE=0.4789000000000001
AVERAGE_INPUT_VALUE=0.07684665609639994
ADC_ACTION_SHARE=1.0
CIM_UNITS_PER_WEIGHT=4
SPECULATION_ENABLED=0
