AVERAGE_WEIGHT_VALUE=0.4729999999999999
AVERAGE_INPUT_VALUE=0.10035416845915998
ADC_ACTION_SHARE=1.0
CIM_UNITS_PER_WEIGHT=4
SPECULATION_ENABLED=0
