AVERAGE_WEIGHT_VALUE=0.48289166666666666
AVERAGE_INPUT_VALUE=0.07684665609639994
ADC_ACTION_SHARE=1.0
CIM_UNITS_PER_WEIGHT=4
SPECULATION_ENABLED=0
