AVERAGE_WEIGHT_VALUE=0.47606666666666664
AVERAGE_INPUT_VALUE=0.13197425123011605
ADC_ACTION_SHARE=1.0
CIM_UNITS_PER_WEIGHT=4
SPECULATION_ENABLED=0
