AVERAGE_WEIGHT_VALUE=0.48437500000000006
AVERAGE_INPUT_VALUE=0.09978219003390101
ADC_ACTION_SHARE=1.0
CIM_UNITS_PER_WEIGHT=4
SPECULATION_ENABLED=0
