AVERAGE_WEIGHT_VALUE=0.48156666666666664
AVERAGE_INPUT_VALUE=0.05302206192395049
ADC_ACTION_SHARE=1.0
CIM_UNITS_PER_WEIGHT=4
SPECULATION_ENABLED=0
