AVERAGE_WEIGHT_VALUE=0.4828416666666668
AVERAGE_INPUT_VALUE=0.06295526428478239
ADC_ACTION_SHARE=1.0
CIM_UNITS_PER_WEIGHT=4
SPECULATION_ENABLED=0
