AVERAGE_WEIGHT_VALUE=0.4748416666666666
AVERAGE_INPUT_VALUE=0.11531002005801658
ADC_ACTION_SHARE=1.0
CIM_UNITS_PER_WEIGHT=4
SPECULATION_ENABLED=0
