AVERAGE_WEIGHT_VALUE=0.47595000000000004
AVERAGE_INPUT_VALUE=0.0597826441177104
ADC_ACTION_SHARE=1.0
CIM_UNITS_PER_WEIGHT=4
SPECULATION_ENABLED=0
