AVERAGE_WEIGHT_VALUE=0.47162499999999996
AVERAGE_INPUT_VALUE=0.18955430903899886
ADC_ACTION_SHARE=1.0
CIM_UNITS_PER_WEIGHT=4
SPECULATION_ENABLED=0
