AVERAGE_WEIGHT_VALUE=0.48305000000000003
AVERAGE_INPUT_VALUE=0.10574549967610901
ADC_ACTION_SHARE=1.0
CIM_UNITS_PER_WEIGHT=4
SPECULATION_ENABLED=0
