AVERAGE_WEIGHT_VALUE=0.46208333333333335
AVERAGE_INPUT_VALUE=0.02803380458896758
ADC_ACTION_SHARE=1.0
CIM_UNITS_PER_WEIGHT=4
SPECULATION_ENABLED=0
