AVERAGE_WEIGHT_VALUE=0.48353333333333337
AVERAGE_INPUT_VALUE=0.0757714257436677
ADC_ACTION_SHARE=1.0
CIM_UNITS_PER_WEIGHT=4
SPECULATION_ENABLED=0
