AVERAGE_WEIGHT_VALUE=0.48180833333333334
AVERAGE_INPUT_VALUE=0.20388868292270346
ADC_ACTION_SHARE=1.0
CIM_UNITS_PER_WEIGHT=4
SPECULATION_ENABLED=0
