AVERAGE_WEIGHT_VALUE=0.4789583333333334
AVERAGE_INPUT_VALUE=0.05133861958232783
ADC_ACTION_SHARE=1.0
CIM_UNITS_PER_WEIGHT=4
SPECULATION_ENABLED=0
