AVERAGE_WEIGHT_VALUE=0.4649083333333334
AVERAGE_INPUT_VALUE=0.32565022223232964
ADC_ACTION_SHARE=1.0
CIM_UNITS_PER_WEIGHT=4
SPECULATION_ENABLED=0
