AVERAGE_WEIGHT_VALUE=0.4830416666666666
AVERAGE_INPUT_VALUE=0.08262022763342104
ADC_ACTION_SHARE=1.0
CIM_UNITS_PER_WEIGHT=4
SPECULATION_ENABLED=0
