AVERAGE_WEIGHT_VALUE=0.4797916666666666
AVERAGE_INPUT_VALUE=0.15465373821840217
ADC_ACTION_SHARE=1.0
CIM_UNITS_PER_WEIGHT=4
SPECULATION_ENABLED=0
