AVERAGE_WEIGHT_VALUE=0.48323333333333335
AVERAGE_INPUT_VALUE=0.09897045672580625
ADC_ACTION_SHARE=1.0
CIM_UNITS_PER_WEIGHT=4
SPECULATION_ENABLED=0
