AVERAGE_WEIGHT_VALUE=0.48303333333333326
AVERAGE_INPUT_VALUE=0.08416693623075391
ADC_ACTION_SHARE=1.0
CIM_UNITS_PER_WEIGHT=4
SPECULATION_ENABLED=0
