AVERAGE_WEIGHT_VALUE=0.46865833333333334
AVERAGE_INPUT_VALUE=0.07486606635092131
ADC_ACTION_SHARE=1.0
CIM_UNITS_PER_WEIGHT=4
SPECULATION_ENABLED=0
