AVERAGE_WEIGHT_VALUE=0.48537499999999995
AVERAGE_INPUT_VALUE=0.04380251097448707
ADC_ACTION_SHARE=1.0
CIM_UNITS_PER_WEIGHT=4
SPECULATION_ENABLED=0
