AVERAGE_WEIGHT_VALUE=0.12680338596304258
AVERAGE_INPUT_VALUE=0.7399587157805299
ADC_ACTION_SHARE=0.5606716343327351
CIM_UNITS_PER_WEIGHT=2
