AVERAGE_WEIGHT_VALUE=0.1573302482565244
AVERAGE_INPUT_VALUE=0.9159412803907929
ADC_ACTION_SHARE=0.5332062287428896
CIM_UNITS_PER_WEIGHT=2
