AVERAGE_WEIGHT_VALUE=0.03683207947760821
AVERAGE_INPUT_VALUE=0.4635624283528299
ADC_ACTION_SHARE=0.4792116616295759
CIM_UNITS_PER_WEIGHT=3
