AVERAGE_WEIGHT_VALUE=0.036340784954114094
AVERAGE_INPUT_VALUE=0.40777946794575715
ADC_ACTION_SHARE=0.47275534892582866
CIM_UNITS_PER_WEIGHT=3
