AVERAGE_WEIGHT_VALUE=0.03922003461048007
AVERAGE_INPUT_VALUE=0.48067372029843697
ADC_ACTION_SHARE=0.48672559400330534
CIM_UNITS_PER_WEIGHT=3
