AVERAGE_WEIGHT_VALUE=0.010958274619285172
AVERAGE_INPUT_VALUE=0.35477931810434404
ADC_ACTION_SHARE=0.40239366818089484
CIM_UNITS_PER_WEIGHT=8
