AVERAGE_WEIGHT_VALUE=0.03788941964093182
AVERAGE_INPUT_VALUE=0.3261229622680262
ADC_ACTION_SHARE=0.42103978015344445
CIM_UNITS_PER_WEIGHT=3
