AVERAGE_WEIGHT_VALUE=0.035551394501494034
AVERAGE_INPUT_VALUE=0.03948828691617355
ADC_ACTION_SHARE=0.40330764651437595
CIM_UNITS_PER_WEIGHT=3
