AVERAGE_WEIGHT_VALUE=0.042733706345057326
AVERAGE_INPUT_VALUE=0.07219351716107197
ADC_ACTION_SHARE=0.4419332949436221
CIM_UNITS_PER_WEIGHT=3
