AVERAGE_WEIGHT_VALUE=0.04163270785938948
AVERAGE_INPUT_VALUE=0.3744854475920106
ADC_ACTION_SHARE=0.4350243968145045
CIM_UNITS_PER_WEIGHT=3
