AVERAGE_WEIGHT_VALUE=0.04041892875296374
AVERAGE_INPUT_VALUE=0.1858554322361983
ADC_ACTION_SHARE=0.46464472162707743
CIM_UNITS_PER_WEIGHT=3
