AVERAGE_WEIGHT_VALUE=0.03789808726610823
AVERAGE_INPUT_VALUE=0.18525954486425378
ADC_ACTION_SHARE=0.40795204149548053
CIM_UNITS_PER_WEIGHT=3
