AVERAGE_WEIGHT_VALUE=0.04359537849409713
AVERAGE_INPUT_VALUE=0.795320279770287
ADC_ACTION_SHARE=0.48166493786173686
CIM_UNITS_PER_WEIGHT=3
