AVERAGE_WEIGHT_VALUE=0.04184834099788633
AVERAGE_INPUT_VALUE=0.29467685030851976
ADC_ACTION_SHARE=0.41662587619335945
CIM_UNITS_PER_WEIGHT=3
