AVERAGE_WEIGHT_VALUE=0.042863457794818614
AVERAGE_INPUT_VALUE=0.1265626759767627
ADC_ACTION_SHARE=0.40277056272755124
CIM_UNITS_PER_WEIGHT=3
