AVERAGE_WEIGHT_VALUE=0.04230216473806649
AVERAGE_INPUT_VALUE=0.19703150512084663
ADC_ACTION_SHARE=0.4212238728318744
CIM_UNITS_PER_WEIGHT=3
