AVERAGE_WEIGHT_VALUE=0.04007425187155604
AVERAGE_INPUT_VALUE=0.1858554322361983
ADC_ACTION_SHARE=0.4596566656080386
CIM_UNITS_PER_WEIGHT=3
