AVERAGE_WEIGHT_VALUE=0.042041680731603664
AVERAGE_INPUT_VALUE=0.21889226695213754
ADC_ACTION_SHARE=0.4352098209509272
CIM_UNITS_PER_WEIGHT=3
