AVERAGE_WEIGHT_VALUE=0.038309885121675
AVERAGE_INPUT_VALUE=0.14484840117125536
ADC_ACTION_SHARE=0.38890053927596907
CIM_UNITS_PER_WEIGHT=3
