AVERAGE_WEIGHT_VALUE=0.04222035406180819
AVERAGE_INPUT_VALUE=0.21404251087842693
ADC_ACTION_SHARE=0.431854739408115
CIM_UNITS_PER_WEIGHT=3
