AVERAGE_WEIGHT_VALUE=0.04040437404053389
AVERAGE_INPUT_VALUE=0.0687646073996169
ADC_ACTION_SHARE=0.38358248205006135
CIM_UNITS_PER_WEIGHT=3
