AVERAGE_WEIGHT_VALUE=0.038638609455018826
AVERAGE_INPUT_VALUE=0.18462465411721768
ADC_ACTION_SHARE=0.38989511994803744
CIM_UNITS_PER_WEIGHT=3
