AVERAGE_WEIGHT_VALUE=0.04158792344646321
AVERAGE_INPUT_VALUE=0.17704810957211825
ADC_ACTION_SHARE=0.39642381846166036
CIM_UNITS_PER_WEIGHT=3
