AVERAGE_WEIGHT_VALUE=0.04084778451231411
AVERAGE_INPUT_VALUE=0.1821243022448359
ADC_ACTION_SHARE=0.44122303573962074
CIM_UNITS_PER_WEIGHT=3
