AVERAGE_WEIGHT_VALUE=0.03574376873956579
AVERAGE_INPUT_VALUE=0.20534991733174884
ADC_ACTION_SHARE=0.395316056274537
CIM_UNITS_PER_WEIGHT=3
