AVERAGE_WEIGHT_VALUE=0.03513268470350239
AVERAGE_INPUT_VALUE=0.07219351716107197
ADC_ACTION_SHARE=0.46263440272730105
CIM_UNITS_PER_WEIGHT=3
