AVERAGE_WEIGHT_VALUE=0.042955057381186636
AVERAGE_INPUT_VALUE=0.1294899222150064
ADC_ACTION_SHARE=0.43155437168697364
CIM_UNITS_PER_WEIGHT=3
