AVERAGE_WEIGHT_VALUE=0.039501004279332445
AVERAGE_INPUT_VALUE=0.21958475531941318
ADC_ACTION_SHARE=0.4002202461477545
CIM_UNITS_PER_WEIGHT=3
