AVERAGE_WEIGHT_VALUE=0.03313975546560768
AVERAGE_INPUT_VALUE=0.526971877720452
ADC_ACTION_SHARE=0.5137922383017011
CIM_UNITS_PER_WEIGHT=3
