AVERAGE_WEIGHT_VALUE=0.04122631047955817
AVERAGE_INPUT_VALUE=0.795320279770287
ADC_ACTION_SHARE=0.482321746016621
CIM_UNITS_PER_WEIGHT=3
