AVERAGE_WEIGHT_VALUE=0.04401365736266598
AVERAGE_INPUT_VALUE=0.1527784857247101
ADC_ACTION_SHARE=0.4443129006324819
CIM_UNITS_PER_WEIGHT=3
