AVERAGE_WEIGHT_VALUE=0.036352631837750476
AVERAGE_INPUT_VALUE=0.20541193547594036
ADC_ACTION_SHARE=0.398300788197765
CIM_UNITS_PER_WEIGHT=3
