AVERAGE_WEIGHT_VALUE=0.03872816297743056
AVERAGE_INPUT_VALUE=0.3987226446951433
ADC_ACTION_SHARE=0.49629900075258715
CIM_UNITS_PER_WEIGHT=3
