AVERAGE_WEIGHT_VALUE=0.0349953312970077
AVERAGE_INPUT_VALUE=0.2980117016101311
ADC_ACTION_SHARE=0.47780170526587096
CIM_UNITS_PER_WEIGHT=3
