AVERAGE_WEIGHT_VALUE=0.03805377449478126
AVERAGE_INPUT_VALUE=0.18540738109037383
ADC_ACTION_SHARE=0.3952009258053706
CIM_UNITS_PER_WEIGHT=3
