AVERAGE_WEIGHT_VALUE=0.03909396959675683
AVERAGE_INPUT_VALUE=0.20541193547594036
ADC_ACTION_SHARE=0.40396823958480893
CIM_UNITS_PER_WEIGHT=3
