AVERAGE_WEIGHT_VALUE=0.03803988725153937
AVERAGE_INPUT_VALUE=0.30000200538083593
ADC_ACTION_SHARE=0.43224105453512895
CIM_UNITS_PER_WEIGHT=3
