AVERAGE_WEIGHT_VALUE=0.040078720131229296
AVERAGE_INPUT_VALUE=0.10353259643912113
ADC_ACTION_SHARE=0.3935855274678188
CIM_UNITS_PER_WEIGHT=3
