AVERAGE_WEIGHT_VALUE=0.04016994900173611
AVERAGE_INPUT_VALUE=0.4725089714628091
ADC_ACTION_SHARE=0.4551393454549489
CIM_UNITS_PER_WEIGHT=3
