AVERAGE_WEIGHT_VALUE=0.038060016785230896
AVERAGE_INPUT_VALUE=0.3261229622680262
ADC_ACTION_SHARE=0.4189030273580953
CIM_UNITS_PER_WEIGHT=3
