AVERAGE_WEIGHT_VALUE=0.037908912501815294
AVERAGE_INPUT_VALUE=0.2013975752212615
ADC_ACTION_SHARE=0.397879442788102
CIM_UNITS_PER_WEIGHT=3
