AVERAGE_WEIGHT_VALUE=0.13215241443249398
AVERAGE_INPUT_VALUE=0.0784058195073791
ADC_ACTION_SHARE=0.5334535217492856
CIM_UNITS_PER_WEIGHT=2
