AVERAGE_WEIGHT_VALUE=0.0446588966400466
AVERAGE_INPUT_VALUE=0.1838238458778536
ADC_ACTION_SHARE=0.45566841981101064
CIM_UNITS_PER_WEIGHT=3
