AVERAGE_WEIGHT_VALUE=0.038826799392700194
AVERAGE_INPUT_VALUE=0.4061412524782114
ADC_ACTION_SHARE=0.4217722605136312
CIM_UNITS_PER_WEIGHT=3
