AVERAGE_WEIGHT_VALUE=0.0394377204330845
AVERAGE_INPUT_VALUE=0.3108137954809897
ADC_ACTION_SHARE=0.44733366928748275
CIM_UNITS_PER_WEIGHT=3
