AVERAGE_WEIGHT_VALUE=0.03679092848259542
AVERAGE_INPUT_VALUE=0.2794022984425556
ADC_ACTION_SHARE=0.43435988061760783
CIM_UNITS_PER_WEIGHT=3
