AVERAGE_WEIGHT_VALUE=0.03951560281631019
AVERAGE_INPUT_VALUE=0.14587473615513896
ADC_ACTION_SHARE=0.4080463998997061
CIM_UNITS_PER_WEIGHT=3
