AVERAGE_WEIGHT_VALUE=0.040482520496071726
AVERAGE_INPUT_VALUE=0.15353478349552532
ADC_ACTION_SHARE=0.3968497870889273
CIM_UNITS_PER_WEIGHT=3
