AVERAGE_WEIGHT_VALUE=0.04141227877181437
AVERAGE_INPUT_VALUE=0.2839675287601956
ADC_ACTION_SHARE=0.43103828251967946
CIM_UNITS_PER_WEIGHT=3
