AVERAGE_WEIGHT_VALUE=0.04277665271009836
AVERAGE_INPUT_VALUE=0.24547733972769678
ADC_ACTION_SHARE=0.39529316052169267
CIM_UNITS_PER_WEIGHT=3
