AVERAGE_WEIGHT_VALUE=0.04226059244117803
AVERAGE_INPUT_VALUE=0.2615644685802885
ADC_ACTION_SHARE=0.45751442602136794
CIM_UNITS_PER_WEIGHT=3
