AVERAGE_WEIGHT_VALUE=0.042585766737627435
AVERAGE_INPUT_VALUE=0.1416983414113413
ADC_ACTION_SHARE=0.40908058334633807
CIM_UNITS_PER_WEIGHT=3
