AVERAGE_WEIGHT_VALUE=0.1279020748075709
AVERAGE_INPUT_VALUE=0.08694992421685999
ADC_ACTION_SHARE=0.6018681261343556
CIM_UNITS_PER_WEIGHT=2
