AVERAGE_WEIGHT_VALUE=0.0387811863872533
AVERAGE_INPUT_VALUE=0.4000258246250553
ADC_ACTION_SHARE=0.4279317643429355
CIM_UNITS_PER_WEIGHT=3
