AVERAGE_WEIGHT_VALUE=0.04403206878406409
AVERAGE_INPUT_VALUE=0.1527784857247101
ADC_ACTION_SHARE=0.42769730111585713
CIM_UNITS_PER_WEIGHT=3
