AVERAGE_WEIGHT_VALUE=0.04042660627617604
AVERAGE_INPUT_VALUE=0.2767938743400875
ADC_ACTION_SHARE=0.4564285175437502
CIM_UNITS_PER_WEIGHT=3
