AVERAGE_WEIGHT_VALUE=0.037946236512571986
AVERAGE_INPUT_VALUE=0.24418242454057398
ADC_ACTION_SHARE=0.42643535894122486
CIM_UNITS_PER_WEIGHT=3
