AVERAGE_WEIGHT_VALUE=0.13100800481139838
AVERAGE_INPUT_VALUE=0.07219351716107197
ADC_ACTION_SHARE=0.6356558861042729
CIM_UNITS_PER_WEIGHT=2
