AVERAGE_WEIGHT_VALUE=0.03938242444225277
AVERAGE_INPUT_VALUE=0.22100029605050014
ADC_ACTION_SHARE=0.42172405421054765
CIM_UNITS_PER_WEIGHT=3
