AVERAGE_WEIGHT_VALUE=0.03764707264619776
AVERAGE_INPUT_VALUE=0.20366602385697236
ADC_ACTION_SHARE=0.39399968600740487
CIM_UNITS_PER_WEIGHT=3
