AVERAGE_WEIGHT_VALUE=0.04327136458466864
AVERAGE_INPUT_VALUE=0.17704810957211825
ADC_ACTION_SHARE=0.3995803673647325
CIM_UNITS_PER_WEIGHT=3
