AVERAGE_WEIGHT_VALUE=0.0371247093917595
AVERAGE_INPUT_VALUE=0.3805279042787463
ADC_ACTION_SHARE=0.4382344984672832
CIM_UNITS_PER_WEIGHT=3
