AVERAGE_WEIGHT_VALUE=0.038094287582983576
AVERAGE_INPUT_VALUE=0.14939925006382732
ADC_ACTION_SHARE=0.38916354006156045
CIM_UNITS_PER_WEIGHT=3
