AVERAGE_WEIGHT_VALUE=0.042540976865631006
AVERAGE_INPUT_VALUE=0.17704810957211825
ADC_ACTION_SHARE=0.3967683366676591
CIM_UNITS_PER_WEIGHT=3
