AVERAGE_WEIGHT_VALUE=0.038073278963565826
AVERAGE_INPUT_VALUE=0.3828697729980969
ADC_ACTION_SHARE=0.45700530843900405
CIM_UNITS_PER_WEIGHT=3
