AVERAGE_WEIGHT_VALUE=0.04027596999787622
AVERAGE_INPUT_VALUE=0.3987226446951433
ADC_ACTION_SHARE=0.49121121236335036
CIM_UNITS_PER_WEIGHT=3
