AVERAGE_WEIGHT_VALUE=0.04180799891182687
AVERAGE_INPUT_VALUE=0.17641649786489932
ADC_ACTION_SHARE=0.4376652297652221
CIM_UNITS_PER_WEIGHT=3
