AVERAGE_WEIGHT_VALUE=0.040921315695676544
AVERAGE_INPUT_VALUE=0.1858554322361983
ADC_ACTION_SHARE=0.4623371442528243
CIM_UNITS_PER_WEIGHT=3
