AVERAGE_WEIGHT_VALUE=0.039146493173514804
AVERAGE_INPUT_VALUE=0.3643971451114726
ADC_ACTION_SHARE=0.41012839486831104
CIM_UNITS_PER_WEIGHT=3
