AVERAGE_WEIGHT_VALUE=0.03610004869276761
AVERAGE_INPUT_VALUE=0.18025057504512199
ADC_ACTION_SHARE=0.39125952973552325
CIM_UNITS_PER_WEIGHT=3
