AVERAGE_WEIGHT_VALUE=0.03948748684520575
AVERAGE_INPUT_VALUE=0.1524671625952759
ADC_ACTION_SHARE=0.4438891218755701
CIM_UNITS_PER_WEIGHT=3
