AVERAGE_WEIGHT_VALUE=0.041714508721148985
AVERAGE_INPUT_VALUE=0.10470363467716257
ADC_ACTION_SHARE=0.4527055146602487
CIM_UNITS_PER_WEIGHT=3
