AVERAGE_WEIGHT_VALUE=0.03861762195204695
AVERAGE_INPUT_VALUE=0.795320279770287
ADC_ACTION_SHARE=0.4319667836833528
CIM_UNITS_PER_WEIGHT=3
