AVERAGE_WEIGHT_VALUE=0.03831557724366172
AVERAGE_INPUT_VALUE=0.17038696402552783
ADC_ACTION_SHARE=0.4120628826033599
CIM_UNITS_PER_WEIGHT=3
