AVERAGE_WEIGHT_VALUE=0.04272822673536009
AVERAGE_INPUT_VALUE=0.2571824963055444
ADC_ACTION_SHARE=0.4089734403590805
CIM_UNITS_PER_WEIGHT=3
