AVERAGE_WEIGHT_VALUE=0.03689960875781253
AVERAGE_INPUT_VALUE=0.2437450992204757
ADC_ACTION_SHARE=0.39756618214433553
CIM_UNITS_PER_WEIGHT=3
