AVERAGE_WEIGHT_VALUE=0.04266010676769332
AVERAGE_INPUT_VALUE=0.21404251087842693
ADC_ACTION_SHARE=0.4400308364085786
CIM_UNITS_PER_WEIGHT=3
