AVERAGE_WEIGHT_VALUE=0.03817324642505911
AVERAGE_INPUT_VALUE=0.03948828691617355
ADC_ACTION_SHARE=0.3974741416658443
CIM_UNITS_PER_WEIGHT=3
