AVERAGE_WEIGHT_VALUE=0.037464551963946886
AVERAGE_INPUT_VALUE=0.25966000644615006
ADC_ACTION_SHARE=0.4076387774970422
CIM_UNITS_PER_WEIGHT=3
