AVERAGE_WEIGHT_VALUE=0.04143732864823606
AVERAGE_INPUT_VALUE=0.26135722313524856
ADC_ACTION_SHARE=0.43747023796963275
CIM_UNITS_PER_WEIGHT=3
