AVERAGE_WEIGHT_VALUE=0.03458174059245114
AVERAGE_INPUT_VALUE=0.3936138493800533
ADC_ACTION_SHARE=0.4608308757783441
CIM_UNITS_PER_WEIGHT=3
