AVERAGE_WEIGHT_VALUE=0.03718476135788175
AVERAGE_INPUT_VALUE=0.28396752832851047
ADC_ACTION_SHARE=0.4804100829568095
CIM_UNITS_PER_WEIGHT=3
