AVERAGE_WEIGHT_VALUE=0.037988169491291045
AVERAGE_INPUT_VALUE=0.3828697729980969
ADC_ACTION_SHARE=0.45050546853272144
CIM_UNITS_PER_WEIGHT=3
