AVERAGE_WEIGHT_VALUE=0.03643437382221843
AVERAGE_INPUT_VALUE=0.19062430670993846
ADC_ACTION_SHARE=0.392773048721061
CIM_UNITS_PER_WEIGHT=3
