AVERAGE_WEIGHT_VALUE=0.03859979638881568
AVERAGE_INPUT_VALUE=0.256459746214921
ADC_ACTION_SHARE=0.48109804791744515
CIM_UNITS_PER_WEIGHT=3
