AVERAGE_WEIGHT_VALUE=0.03890674816082335
AVERAGE_INPUT_VALUE=0.20541193547594036
ADC_ACTION_SHARE=0.4040227286144698
CIM_UNITS_PER_WEIGHT=3
