AVERAGE_WEIGHT_VALUE=0.03709294849541038
AVERAGE_INPUT_VALUE=0.3828697729980969
ADC_ACTION_SHARE=0.4552194076438099
CIM_UNITS_PER_WEIGHT=3
