AVERAGE_WEIGHT_VALUE=0.0419642865502586
AVERAGE_INPUT_VALUE=0.17641649786489932
ADC_ACTION_SHARE=0.43001744674239123
CIM_UNITS_PER_WEIGHT=3
