AVERAGE_WEIGHT_VALUE=0.13376340568065642
AVERAGE_INPUT_VALUE=0.0784058195073791
ADC_ACTION_SHARE=0.5315101061035579
CIM_UNITS_PER_WEIGHT=2
