AVERAGE_WEIGHT_VALUE=0.044815176051472214
AVERAGE_INPUT_VALUE=0.1838238458778536
ADC_ACTION_SHARE=0.4313468046357438
CIM_UNITS_PER_WEIGHT=3
