AVERAGE_WEIGHT_VALUE=0.04075118986268838
AVERAGE_INPUT_VALUE=0.3261229622680262
ADC_ACTION_SHARE=0.43350168197814903
CIM_UNITS_PER_WEIGHT=3
