AVERAGE_WEIGHT_VALUE=0.04098307291666667
AVERAGE_INPUT_VALUE=0.3987226446951433
ADC_ACTION_SHARE=0.49228947730882777
CIM_UNITS_PER_WEIGHT=3
