AVERAGE_WEIGHT_VALUE=0.04124233797063223
AVERAGE_INPUT_VALUE=0.17641649786489932
ADC_ACTION_SHARE=0.434470788784944
CIM_UNITS_PER_WEIGHT=3
