AVERAGE_WEIGHT_VALUE=0.04054723769012425
AVERAGE_INPUT_VALUE=0.8233291771153279
ADC_ACTION_SHARE=0.4512178126535324
CIM_UNITS_PER_WEIGHT=3
