AVERAGE_WEIGHT_VALUE=0.03813634825249513
AVERAGE_INPUT_VALUE=0.4963181289990445
ADC_ACTION_SHARE=0.45165566541075325
CIM_UNITS_PER_WEIGHT=3
