AVERAGE_WEIGHT_VALUE=0.04042022703280155
AVERAGE_INPUT_VALUE=0.021242952360060893
ADC_ACTION_SHARE=1.0
CIM_UNITS_PER_WEIGHT=4
SPECULATION_ENABLED=0
