AVERAGE_WEIGHT_VALUE=0.043991528151349886
AVERAGE_INPUT_VALUE=0.2226895735814322
ADC_ACTION_SHARE=1.0
CIM_UNITS_PER_WEIGHT=4
SPECULATION_ENABLED=0
