AVERAGE_WEIGHT_VALUE=0.04190734489174146
AVERAGE_INPUT_VALUE=0.09168845839246209
ADC_ACTION_SHARE=1.0
CIM_UNITS_PER_WEIGHT=4
SPECULATION_ENABLED=0
