AVERAGE_WEIGHT_VALUE=0.0354070214399447
AVERAGE_INPUT_VALUE=0.19728356975942268
ADC_ACTION_SHARE=1.0
CIM_UNITS_PER_WEIGHT=4
SPECULATION_ENABLED=0
