AVERAGE_WEIGHT_VALUE=0.04139081909476469
AVERAGE_INPUT_VALUE=0.08531587294207803
ADC_ACTION_SHARE=1.0
CIM_UNITS_PER_WEIGHT=4
SPECULATION_ENABLED=0
