AVERAGE_WEIGHT_VALUE=0.04073109327711993
AVERAGE_INPUT_VALUE=0.1195631064934509
ADC_ACTION_SHARE=1.0
CIM_UNITS_PER_WEIGHT=4
SPECULATION_ENABLED=0
