AVERAGE_WEIGHT_VALUE=0.04338644847868838
AVERAGE_INPUT_VALUE=0.08563597086191792
ADC_ACTION_SHARE=1.0
CIM_UNITS_PER_WEIGHT=4
SPECULATION_ENABLED=0
