AVERAGE_WEIGHT_VALUE=0.039126800725029574
AVERAGE_INPUT_VALUE=0.29718924828702376
ADC_ACTION_SHARE=1.0
CIM_UNITS_PER_WEIGHT=4
SPECULATION_ENABLED=0
