AVERAGE_WEIGHT_VALUE=0.04083397652332981
AVERAGE_INPUT_VALUE=0.1517738453319128
ADC_ACTION_SHARE=1.0
CIM_UNITS_PER_WEIGHT=4
SPECULATION_ENABLED=0
