AVERAGE_WEIGHT_VALUE=0.04358573302419649
AVERAGE_INPUT_VALUE=0.17671525026438006
ADC_ACTION_SHARE=1.0
CIM_UNITS_PER_WEIGHT=4
SPECULATION_ENABLED=0
