AVERAGE_WEIGHT_VALUE=0.039351048041135074
AVERAGE_INPUT_VALUE=0.12654182664039848
ADC_ACTION_SHARE=1.0
CIM_UNITS_PER_WEIGHT=4
SPECULATION_ENABLED=0
