AVERAGE_WEIGHT_VALUE=0.04177095433697105
AVERAGE_INPUT_VALUE=0.1513190153748455
ADC_ACTION_SHARE=1.0
CIM_UNITS_PER_WEIGHT=4
SPECULATION_ENABLED=0
