AVERAGE_WEIGHT_VALUE=0.0393440382865568
AVERAGE_INPUT_VALUE=0.0995177186724416
ADC_ACTION_SHARE=1.0
CIM_UNITS_PER_WEIGHT=4
SPECULATION_ENABLED=0
