AVERAGE_WEIGHT_VALUE=0.13007405674822317
AVERAGE_INPUT_VALUE=0.04546921074279454
ADC_ACTION_SHARE=1.0
CIM_UNITS_PER_WEIGHT=4
SPECULATION_ENABLED=0
