AVERAGE_WEIGHT_VALUE=0.13358697070895384
AVERAGE_INPUT_VALUE=0.08511257588765372
ADC_ACTION_SHARE=1.0
CIM_UNITS_PER_WEIGHT=4
SPECULATION_ENABLED=0
