AVERAGE_WEIGHT_VALUE=0.00860942195979888
AVERAGE_INPUT_VALUE=0.16717500425505616
ADC_ACTION_SHARE=1.0
CIM_UNITS_PER_WEIGHT=8
SPECULATION_ENABLED=0
