AVERAGE_WEIGHT_VALUE=0.0393138673570421
AVERAGE_INPUT_VALUE=0.06834208283226141
ADC_ACTION_SHARE=1.0
CIM_UNITS_PER_WEIGHT=3
SPECULATION_ENABLED=0
