AVERAGE_WEIGHT_VALUE=0.037065516577826606
AVERAGE_INPUT_VALUE=0.1236224830535612
ADC_ACTION_SHARE=1.0
CIM_UNITS_PER_WEIGHT=3
SPECULATION_ENABLED=0
