AVERAGE_WEIGHT_VALUE=0.03717029359605577
AVERAGE_INPUT_VALUE=0.12621472089764554
ADC_ACTION_SHARE=1.0
CIM_UNITS_PER_WEIGHT=3
SPECULATION_ENABLED=0
