AVERAGE_WEIGHT_VALUE=0.04218925370110406
AVERAGE_INPUT_VALUE=0.08620407010158536
ADC_ACTION_SHARE=1.0
CIM_UNITS_PER_WEIGHT=3
SPECULATION_ENABLED=0
