AVERAGE_WEIGHT_VALUE=0.03441135732250081
AVERAGE_INPUT_VALUE=0.08954048005455748
ADC_ACTION_SHARE=1.0
CIM_UNITS_PER_WEIGHT=3
SPECULATION_ENABLED=0
