AVERAGE_WEIGHT_VALUE=0.07549641880517205
AVERAGE_INPUT_VALUE=0.10321389570615085
ADC_ACTION_SHARE=1.0
CIM_UNITS_PER_WEIGHT=2
SPECULATION_ENABLED=0
