AVERAGE_WEIGHT_VALUE=0.13123235644598025
AVERAGE_INPUT_VALUE=0.05473358513844452
ADC_ACTION_SHARE=1.0
CIM_UNITS_PER_WEIGHT=2
SPECULATION_ENABLED=0
