AVERAGE_WEIGHT_VALUE=0.027703687879774303
AVERAGE_INPUT_VALUE=0.08918082874086823
ADC_ACTION_SHARE=1.0
CIM_UNITS_PER_WEIGHT=3
SPECULATION_ENABLED=0
