AVERAGE_WEIGHT_VALUE=0.0394450929429796
AVERAGE_INPUT_VALUE=0.057233510999649316
ADC_ACTION_SHARE=1.0
CIM_UNITS_PER_WEIGHT=3
SPECULATION_ENABLED=0
