AVERAGE_WEIGHT_VALUE=0.03842959933810764
AVERAGE_INPUT_VALUE=0.11291465774141735
ADC_ACTION_SHARE=1.0
CIM_UNITS_PER_WEIGHT=3
SPECULATION_ENABLED=0
