AVERAGE_WEIGHT_VALUE=0.0376660770840115
AVERAGE_INPUT_VALUE=0.12194838856761894
ADC_ACTION_SHARE=1.0
CIM_UNITS_PER_WEIGHT=3
SPECULATION_ENABLED=0
