AVERAGE_WEIGHT_VALUE=0.03051865895589193
AVERAGE_INPUT_VALUE=0.05679176832525096
ADC_ACTION_SHARE=1.0
CIM_UNITS_PER_WEIGHT=3
SPECULATION_ENABLED=0
