AVERAGE_WEIGHT_VALUE=0.033463919048921924
AVERAGE_INPUT_VALUE=0.08842653982251651
ADC_ACTION_SHARE=1.0
CIM_UNITS_PER_WEIGHT=3
SPECULATION_ENABLED=0
