AVERAGE_WEIGHT_VALUE=0.03575124740600586
AVERAGE_INPUT_VALUE=0.1166956076832151
ADC_ACTION_SHARE=1.0
CIM_UNITS_PER_WEIGHT=3
SPECULATION_ENABLED=0
