AVERAGE_WEIGHT_VALUE=0.11988932155072689
AVERAGE_INPUT_VALUE=0.1286582372441491
ADC_ACTION_SHARE=1.0
CIM_UNITS_PER_WEIGHT=2
SPECULATION_ENABLED=0
