AVERAGE_WEIGHT_VALUE=0.12958081165949503
AVERAGE_INPUT_VALUE=0.11365983378656094
ADC_ACTION_SHARE=1.0
CIM_UNITS_PER_WEIGHT=2
SPECULATION_ENABLED=0
