AVERAGE_WEIGHT_VALUE=0.03911600112915039
AVERAGE_INPUT_VALUE=0.06594889961573132
ADC_ACTION_SHARE=1.0
CIM_UNITS_PER_WEIGHT=3
SPECULATION_ENABLED=0
