AVERAGE_WEIGHT_VALUE=0.03614264594184027
AVERAGE_INPUT_VALUE=0.06939666270459528
ADC_ACTION_SHARE=1.0
CIM_UNITS_PER_WEIGHT=3
SPECULATION_ENABLED=0
