AVERAGE_WEIGHT_VALUE=0.034620009528266056
AVERAGE_INPUT_VALUE=0.13905884645479877
ADC_ACTION_SHARE=1.0
CIM_UNITS_PER_WEIGHT=3
SPECULATION_ENABLED=0
