AVERAGE_WEIGHT_VALUE=0.03466509713066949
AVERAGE_INPUT_VALUE=0.14965978162239985
ADC_ACTION_SHARE=1.0
CIM_UNITS_PER_WEIGHT=3
SPECULATION_ENABLED=0
