AVERAGE_WEIGHT_VALUE=0.12254706687526777
AVERAGE_INPUT_VALUE=0.0729369731516452
ADC_ACTION_SHARE=1.0
CIM_UNITS_PER_WEIGHT=2
SPECULATION_ENABLED=0
