AVERAGE_WEIGHT_VALUE=0.11427245292191704
AVERAGE_INPUT_VALUE=0.08466768238990213
ADC_ACTION_SHARE=1.0
CIM_UNITS_PER_WEIGHT=2
SPECULATION_ENABLED=0
