AVERAGE_WEIGHT_VALUE=0.033250639173719614
AVERAGE_INPUT_VALUE=0.05897145659015227
ADC_ACTION_SHARE=1.0
CIM_UNITS_PER_WEIGHT=3
SPECULATION_ENABLED=0
