AVERAGE_WEIGHT_VALUE=0.031563727060953777
AVERAGE_INPUT_VALUE=0.06328246182147268
ADC_ACTION_SHARE=1.0
CIM_UNITS_PER_WEIGHT=3
SPECULATION_ENABLED=0
