AVERAGE_WEIGHT_VALUE=0.03452944225735134
AVERAGE_INPUT_VALUE=0.060473437649491084
ADC_ACTION_SHARE=1.0
CIM_UNITS_PER_WEIGHT=3
SPECULATION_ENABLED=0
