AVERAGE_WEIGHT_VALUE=0.12367169512435794
AVERAGE_INPUT_VALUE=0.08130469734102
ADC_ACTION_SHARE=1.0
CIM_UNITS_PER_WEIGHT=2
SPECULATION_ENABLED=0
