AVERAGE_WEIGHT_VALUE=0.10996240840759128
AVERAGE_INPUT_VALUE=0.061676407239900304
ADC_ACTION_SHARE=1.0
CIM_UNITS_PER_WEIGHT=2
SPECULATION_ENABLED=0
