AVERAGE_WEIGHT_VALUE=0.03417139053344727
AVERAGE_INPUT_VALUE=0.1352828442380201
ADC_ACTION_SHARE=1.0
CIM_UNITS_PER_WEIGHT=3
SPECULATION_ENABLED=0
