AVERAGE_WEIGHT_VALUE=0.034799957275390626
AVERAGE_INPUT_VALUE=0.06115580797325715
ADC_ACTION_SHARE=1.0
CIM_UNITS_PER_WEIGHT=3
SPECULATION_ENABLED=0
