AVERAGE_WEIGHT_VALUE=0.0399746576944987
AVERAGE_INPUT_VALUE=0.14116513983117263
ADC_ACTION_SHARE=1.0
CIM_UNITS_PER_WEIGHT=3
SPECULATION_ENABLED=0
