AVERAGE_WEIGHT_VALUE=0.03711658053927951
AVERAGE_INPUT_VALUE=0.15191444332624532
ADC_ACTION_SHARE=1.0
CIM_UNITS_PER_WEIGHT=3
SPECULATION_ENABLED=0
