AVERAGE_WEIGHT_VALUE=0.1243507671984844
AVERAGE_INPUT_VALUE=0.06718245988791355
ADC_ACTION_SHARE=1.0
CIM_UNITS_PER_WEIGHT=2
SPECULATION_ENABLED=0
