AVERAGE_WEIGHT_VALUE=0.03843070136176215
AVERAGE_INPUT_VALUE=0.07029414379795319
ADC_ACTION_SHARE=1.0
CIM_UNITS_PER_WEIGHT=3
SPECULATION_ENABLED=0
