AVERAGE_WEIGHT_VALUE=0.08310648600260416
AVERAGE_INPUT_VALUE=0.22629630255573466
ADC_ACTION_SHARE=1.0
CIM_UNITS_PER_WEIGHT=2
SPECULATION_ENABLED=0
