AVERAGE_WEIGHT_VALUE=0.047890942693791454
AVERAGE_INPUT_VALUE=0.14177600489178874
ADC_ACTION_SHARE=1.0
CIM_UNITS_PER_WEIGHT=4
SPECULATION_ENABLED=0
