AVERAGE_WEIGHT_VALUE=0.15183588564395906
AVERAGE_INPUT_VALUE=0.21030315704231387
ADC_ACTION_SHARE=1.0
CIM_UNITS_PER_WEIGHT=4
SPECULATION_ENABLED=0
