AVERAGE_WEIGHT_VALUE=0.040350441903703745
AVERAGE_INPUT_VALUE=0.17085012986517684
ADC_ACTION_SHARE=1.0
CIM_UNITS_PER_WEIGHT=4
SPECULATION_ENABLED=0
