AVERAGE_WEIGHT_VALUE=0.13374840021133422
AVERAGE_INPUT_VALUE=0.23982947700713045
ADC_ACTION_SHARE=1.0
CIM_UNITS_PER_WEIGHT=4
SPECULATION_ENABLED=0
