AVERAGE_WEIGHT_VALUE=0.1541666641831398
AVERAGE_INPUT_VALUE=0.24195434338646815
ADC_ACTION_SHARE=1.0
CIM_UNITS_PER_WEIGHT=4
SPECULATION_ENABLED=0
