AVERAGE_WEIGHT_VALUE=0.0432240050079094
AVERAGE_INPUT_VALUE=0.1848455164481272
ADC_ACTION_SHARE=1.0
CIM_UNITS_PER_WEIGHT=4
SPECULATION_ENABLED=0
