AVERAGE_WEIGHT_VALUE=0.033598394236630864
AVERAGE_INPUT_VALUE=0.18631970701766712
ADC_ACTION_SHARE=1.0
CIM_UNITS_PER_WEIGHT=4
SPECULATION_ENABLED=0
