AVERAGE_WEIGHT_VALUE=0.11240421409408251
AVERAGE_INPUT_VALUE=0.2933571321931349
ADC_ACTION_SHARE=1.0
CIM_UNITS_PER_WEIGHT=4
SPECULATION_ENABLED=0
