AVERAGE_WEIGHT_VALUE=0.04166253848622243
AVERAGE_INPUT_VALUE=0.19082642586963872
ADC_ACTION_SHARE=1.0
CIM_UNITS_PER_WEIGHT=4
SPECULATION_ENABLED=0
