AVERAGE_WEIGHT_VALUE=0.04160225941903061
AVERAGE_INPUT_VALUE=0.19637026705304703
ADC_ACTION_SHARE=1.0
CIM_UNITS_PER_WEIGHT=4
SPECULATION_ENABLED=0
