AVERAGE_WEIGHT_VALUE=0.03511692322790623
AVERAGE_INPUT_VALUE=0.1746708157914594
ADC_ACTION_SHARE=1.0
CIM_UNITS_PER_WEIGHT=4
SPECULATION_ENABLED=0
