AVERAGE_WEIGHT_VALUE=0.15295337786277136
AVERAGE_INPUT_VALUE=0.16812632929861235
ADC_ACTION_SHARE=1.0
CIM_UNITS_PER_WEIGHT=4
SPECULATION_ENABLED=0
