AVERAGE_WEIGHT_VALUE=0.04099121329685052
AVERAGE_INPUT_VALUE=0.1838046757917811
ADC_ACTION_SHARE=1.0
CIM_UNITS_PER_WEIGHT=4
SPECULATION_ENABLED=0
