AVERAGE_WEIGHT_VALUE=0.041669142970608336
AVERAGE_INPUT_VALUE=0.1718039142323589
ADC_ACTION_SHARE=1.0
CIM_UNITS_PER_WEIGHT=4
SPECULATION_ENABLED=0
