AVERAGE_WEIGHT_VALUE=0.13290229675670465
AVERAGE_INPUT_VALUE=0.1555280143455069
ADC_ACTION_SHARE=1.0
CIM_UNITS_PER_WEIGHT=4
SPECULATION_ENABLED=0
