AVERAGE_WEIGHT_VALUE=0.042873893347051405
AVERAGE_INPUT_VALUE=0.18820106718140378
ADC_ACTION_SHARE=1.0
CIM_UNITS_PER_WEIGHT=4
SPECULATION_ENABLED=0
