AVERAGE_WEIGHT_VALUE=0.11706178250412146
AVERAGE_INPUT_VALUE=0.1702086680918726
ADC_ACTION_SHARE=1.0
CIM_UNITS_PER_WEIGHT=4
SPECULATION_ENABLED=0
