AVERAGE_WEIGHT_VALUE=0.16412834872802098
AVERAGE_INPUT_VALUE=0.16990402459927037
ADC_ACTION_SHARE=1.0
CIM_UNITS_PER_WEIGHT=4
SPECULATION_ENABLED=0
