AVERAGE_WEIGHT_VALUE=0.15930714905261995
AVERAGE_INPUT_VALUE=0.15055402700021034
ADC_ACTION_SHARE=1.0
CIM_UNITS_PER_WEIGHT=4
SPECULATION_ENABLED=0
