AVERAGE_WEIGHT_VALUE=0.18131385097901026
AVERAGE_INPUT_VALUE=0.04615233554600056
ADC_ACTION_SHARE=1.0
CIM_UNITS_PER_WEIGHT=4
SPECULATION_ENABLED=0
