AVERAGE_WEIGHT_VALUE=0.04527595985887779
AVERAGE_INPUT_VALUE=0.1661872076573851
ADC_ACTION_SHARE=1.0
CIM_UNITS_PER_WEIGHT=4
SPECULATION_ENABLED=0
