AVERAGE_WEIGHT_VALUE=0.11939159619311492
AVERAGE_INPUT_VALUE=0.1737350602863339
ADC_ACTION_SHARE=1.0
CIM_UNITS_PER_WEIGHT=4
SPECULATION_ENABLED=0
