AVERAGE_WEIGHT_VALUE=0.1911637897292773
AVERAGE_INPUT_VALUE=0.16015701857895784
ADC_ACTION_SHARE=1.0
CIM_UNITS_PER_WEIGHT=4
SPECULATION_ENABLED=0
