AVERAGE_WEIGHT_VALUE=0.042589013216396174
AVERAGE_INPUT_VALUE=0.18888291823264225
ADC_ACTION_SHARE=1.0
CIM_UNITS_PER_WEIGHT=4
SPECULATION_ENABLED=0
