AVERAGE_WEIGHT_VALUE=0.1922733058532079
AVERAGE_INPUT_VALUE=0.08896308162703312
ADC_ACTION_SHARE=1.0
CIM_UNITS_PER_WEIGHT=4
SPECULATION_ENABLED=0
