AVERAGE_WEIGHT_VALUE=0.17377075006564457
AVERAGE_INPUT_VALUE=0.08307990951057705
ADC_ACTION_SHARE=1.0
CIM_UNITS_PER_WEIGHT=4
SPECULATION_ENABLED=0
