AVERAGE_WEIGHT_VALUE=0.05180460911037193
AVERAGE_INPUT_VALUE=0.3456847204570151
ADC_ACTION_SHARE=1.0
CIM_UNITS_PER_WEIGHT=3
SPECULATION_ENABLED=0
