AVERAGE_WEIGHT_VALUE=0.1414454142252604
AVERAGE_INPUT_VALUE=0.10758531951850568
ADC_ACTION_SHARE=1.0
CIM_UNITS_PER_WEIGHT=2
SPECULATION_ENABLED=0
