AVERAGE_WEIGHT_VALUE=0.1381177266438802
AVERAGE_INPUT_VALUE=0.15947617416786813
ADC_ACTION_SHARE=1.0
CIM_UNITS_PER_WEIGHT=2
SPECULATION_ENABLED=0
