AVERAGE_WEIGHT_VALUE=0.04130522336280491
AVERAGE_INPUT_VALUE=0.05207468540866752
ADC_ACTION_SHARE=1.0
CIM_UNITS_PER_WEIGHT=3
SPECULATION_ENABLED=0
