AVERAGE_WEIGHT_VALUE=0.04063838322957357
AVERAGE_INPUT_VALUE=0.09212891779991207
ADC_ACTION_SHARE=1.0
CIM_UNITS_PER_WEIGHT=3
SPECULATION_ENABLED=0
