AVERAGE_WEIGHT_VALUE=0.03698343576397747
AVERAGE_INPUT_VALUE=0.15208597657512643
ADC_ACTION_SHARE=1.0
CIM_UNITS_PER_WEIGHT=3
SPECULATION_ENABLED=0
