AVERAGE_WEIGHT_VALUE=0.040778128306070964
AVERAGE_INPUT_VALUE=0.08069647435166556
ADC_ACTION_SHARE=1.0
CIM_UNITS_PER_WEIGHT=3
SPECULATION_ENABLED=0
