AVERAGE_WEIGHT_VALUE=0.03758303133331032
AVERAGE_INPUT_VALUE=0.12570105070638452
ADC_ACTION_SHARE=1.0
CIM_UNITS_PER_WEIGHT=3
SPECULATION_ENABLED=0
