AVERAGE_WEIGHT_VALUE=0.04104241265190973
AVERAGE_INPUT_VALUE=0.2022755426031473
ADC_ACTION_SHARE=1.0
CIM_UNITS_PER_WEIGHT=3
SPECULATION_ENABLED=0
