AVERAGE_WEIGHT_VALUE=0.03602769639756944
AVERAGE_INPUT_VALUE=0.16943384754958984
ADC_ACTION_SHARE=1.0
CIM_UNITS_PER_WEIGHT=3
SPECULATION_ENABLED=0
