AVERAGE_WEIGHT_VALUE=0.12271347045898437
AVERAGE_INPUT_VALUE=0.1595307175749234
ADC_ACTION_SHARE=1.0
CIM_UNITS_PER_WEIGHT=2
SPECULATION_ENABLED=0
