AVERAGE_WEIGHT_VALUE=0.03601057264539931
AVERAGE_INPUT_VALUE=0.11606885095388843
ADC_ACTION_SHARE=1.0
CIM_UNITS_PER_WEIGHT=3
SPECULATION_ENABLED=0
