AVERAGE_WEIGHT_VALUE=0.03602489895290798
AVERAGE_INPUT_VALUE=0.11530876695713276
ADC_ACTION_SHARE=1.0
CIM_UNITS_PER_WEIGHT=3
SPECULATION_ENABLED=0
