AVERAGE_WEIGHT_VALUE=0.115911865234375
AVERAGE_INPUT_VALUE=0.20009754562151524
ADC_ACTION_SHARE=1.0
CIM_UNITS_PER_WEIGHT=2
SPECULATION_ENABLED=0
