AVERAGE_WEIGHT_VALUE=0.04150724411010742
AVERAGE_INPUT_VALUE=0.11721577180385012
ADC_ACTION_SHARE=1.0
CIM_UNITS_PER_WEIGHT=3
SPECULATION_ENABLED=0
