AVERAGE_WEIGHT_VALUE=0.04327002839967867
AVERAGE_INPUT_VALUE=0.06017788713372629
ADC_ACTION_SHARE=1.0
CIM_UNITS_PER_WEIGHT=3
SPECULATION_ENABLED=0
