AVERAGE_WEIGHT_VALUE=0.12531026204427084
AVERAGE_INPUT_VALUE=0.13392560887004018
ADC_ACTION_SHARE=1.0
CIM_UNITS_PER_WEIGHT=2
SPECULATION_ENABLED=0
