AVERAGE_WEIGHT_VALUE=0.03848396001202572
AVERAGE_INPUT_VALUE=0.07488711860277532
ADC_ACTION_SHARE=1.0
CIM_UNITS_PER_WEIGHT=3
SPECULATION_ENABLED=0
