AVERAGE_WEIGHT_VALUE=0.04010569254557292
AVERAGE_INPUT_VALUE=0.08271610631774572
ADC_ACTION_SHARE=1.0
CIM_UNITS_PER_WEIGHT=3
SPECULATION_ENABLED=0
