AVERAGE_WEIGHT_VALUE=0.04318266974555121
AVERAGE_INPUT_VALUE=0.17250122316925134
ADC_ACTION_SHARE=1.0
CIM_UNITS_PER_WEIGHT=3
SPECULATION_ENABLED=0
