AVERAGE_WEIGHT_VALUE=0.13686033884684246
AVERAGE_INPUT_VALUE=0.0868552114342197
ADC_ACTION_SHARE=1.0
CIM_UNITS_PER_WEIGHT=2
SPECULATION_ENABLED=0
