AVERAGE_WEIGHT_VALUE=0.0450699700249566
AVERAGE_INPUT_VALUE=0.11111451743126312
ADC_ACTION_SHARE=1.0
CIM_UNITS_PER_WEIGHT=3
SPECULATION_ENABLED=0
