AVERAGE_WEIGHT_VALUE=0.038748550415039065
AVERAGE_INPUT_VALUE=0.10066580416426835
ADC_ACTION_SHARE=1.0
CIM_UNITS_PER_WEIGHT=3
SPECULATION_ENABLED=0
