AVERAGE_WEIGHT_VALUE=0.04145180914137099
AVERAGE_INPUT_VALUE=0.06700143604153719
ADC_ACTION_SHARE=1.0
CIM_UNITS_PER_WEIGHT=3
SPECULATION_ENABLED=0
