AVERAGE_WEIGHT_VALUE=0.039203643798828125
AVERAGE_INPUT_VALUE=0.14140675493119367
ADC_ACTION_SHARE=1.0
CIM_UNITS_PER_WEIGHT=3
SPECULATION_ENABLED=0
