AVERAGE_WEIGHT_VALUE=0.46123333333333333
AVERAGE_INPUT_VALUE=0.17042316687390652
ADC_ACTION_SHARE=1.0
CIM_UNITS_PER_WEIGHT=4
SPECULATION_ENABLED=0
