AVERAGE_WEIGHT_VALUE=0.27482499999999993
AVERAGE_INPUT_VALUE=0.12729414218849555
ADC_ACTION_SHARE=1.0
CIM_UNITS_PER_WEIGHT=4
SPECULATION_ENABLED=0
