AVERAGE_WEIGHT_VALUE=0.4540416666666667
AVERAGE_INPUT_VALUE=0.2809981279319646
ADC_ACTION_SHARE=1.0
CIM_UNITS_PER_WEIGHT=4
SPECULATION_ENABLED=0
