AVERAGE_WEIGHT_VALUE=0.47766666666666663
AVERAGE_INPUT_VALUE=0.15558955458000703
ADC_ACTION_SHARE=1.0
CIM_UNITS_PER_WEIGHT=4
SPECULATION_ENABLED=0
