AVERAGE_WEIGHT_VALUE=0.26560833333333334
AVERAGE_INPUT_VALUE=0.10357921296587762
ADC_ACTION_SHARE=1.0
CIM_UNITS_PER_WEIGHT=4
SPECULATION_ENABLED=0
