AVERAGE_WEIGHT_VALUE=0.42772499999999997
AVERAGE_INPUT_VALUE=0.29061229223911067
ADC_ACTION_SHARE=1.0
CIM_UNITS_PER_WEIGHT=4
SPECULATION_ENABLED=0
