AVERAGE_WEIGHT_VALUE=0.46787500000000004
AVERAGE_INPUT_VALUE=0.20778256393495145
ADC_ACTION_SHARE=1.0
CIM_UNITS_PER_WEIGHT=4
SPECULATION_ENABLED=0
