AVERAGE_WEIGHT_VALUE=0.46225833333333327
AVERAGE_INPUT_VALUE=0.23592325014431567
ADC_ACTION_SHARE=1.0
CIM_UNITS_PER_WEIGHT=4
SPECULATION_ENABLED=0
