AVERAGE_WEIGHT_VALUE=0.4837916666666666
AVERAGE_INPUT_VALUE=0.20402298987600595
ADC_ACTION_SHARE=1.0
CIM_UNITS_PER_WEIGHT=4
SPECULATION_ENABLED=0
