AVERAGE_WEIGHT_VALUE=0.4743666666666666
AVERAGE_INPUT_VALUE=0.12343604001192093
ADC_ACTION_SHARE=1.0
CIM_UNITS_PER_WEIGHT=4
SPECULATION_ENABLED=0
