AVERAGE_WEIGHT_VALUE=0.4485916666666667
AVERAGE_INPUT_VALUE=0.3064710473772946
ADC_ACTION_SHARE=1.0
CIM_UNITS_PER_WEIGHT=4
SPECULATION_ENABLED=0
