AVERAGE_WEIGHT_VALUE=0.47946666666666665
AVERAGE_INPUT_VALUE=0.1236530807112461
ADC_ACTION_SHARE=1.0
CIM_UNITS_PER_WEIGHT=4
SPECULATION_ENABLED=0
