AVERAGE_WEIGHT_VALUE=0.26257499999999995
AVERAGE_INPUT_VALUE=0.19696445872237484
ADC_ACTION_SHARE=1.0
CIM_UNITS_PER_WEIGHT=4
SPECULATION_ENABLED=0
