AVERAGE_WEIGHT_VALUE=0.47095833333333337
AVERAGE_INPUT_VALUE=0.27488042845219574
ADC_ACTION_SHARE=1.0
CIM_UNITS_PER_WEIGHT=4
SPECULATION_ENABLED=0
