AVERAGE_WEIGHT_VALUE=0.24264999999999995
AVERAGE_INPUT_VALUE=0.15180293527021874
ADC_ACTION_SHARE=1.0
CIM_UNITS_PER_WEIGHT=4
SPECULATION_ENABLED=0
