AVERAGE_WEIGHT_VALUE=0.46576666666666666
AVERAGE_INPUT_VALUE=0.2033878593810789
ADC_ACTION_SHARE=1.0
CIM_UNITS_PER_WEIGHT=4
SPECULATION_ENABLED=0
