AVERAGE_WEIGHT_VALUE=0.45551666666666674
AVERAGE_INPUT_VALUE=0.1649187178887544
ADC_ACTION_SHARE=1.0
CIM_UNITS_PER_WEIGHT=4
SPECULATION_ENABLED=0
