AVERAGE_WEIGHT_VALUE=0.24420833333333333
AVERAGE_INPUT_VALUE=0.1803322803741413
ADC_ACTION_SHARE=1.0
CIM_UNITS_PER_WEIGHT=4
SPECULATION_ENABLED=0
