AVERAGE_WEIGHT_VALUE=0.35752500000000004
AVERAGE_INPUT_VALUE=0.24187918788713494
ADC_ACTION_SHARE=1.0
CIM_UNITS_PER_WEIGHT=4
SPECULATION_ENABLED=0
