AVERAGE_WEIGHT_VALUE=0.4508083333333334
AVERAGE_INPUT_VALUE=0.29970155751415656
ADC_ACTION_SHARE=1.0
CIM_UNITS_PER_WEIGHT=4
SPECULATION_ENABLED=0
