AVERAGE_WEIGHT_VALUE=0.04147756265269385
AVERAGE_INPUT_VALUE=0.06322536600156028
ADC_ACTION_SHARE=1.0
CIM_UNITS_PER_WEIGHT=3
SPECULATION_ENABLED=0
