AVERAGE_WEIGHT_VALUE=0.04794592261314392
AVERAGE_INPUT_VALUE=0.16076149021409047
ADC_ACTION_SHARE=1.0
CIM_UNITS_PER_WEIGHT=3
SPECULATION_ENABLED=0
