AVERAGE_WEIGHT_VALUE=0.04837510387102763
AVERAGE_INPUT_VALUE=0.07689690202082736
ADC_ACTION_SHARE=1.0
CIM_UNITS_PER_WEIGHT=3
SPECULATION_ENABLED=0
