AVERAGE_WEIGHT_VALUE=0.047813109556833905
AVERAGE_INPUT_VALUE=0.08043557087562882
ADC_ACTION_SHARE=1.0
CIM_UNITS_PER_WEIGHT=3
SPECULATION_ENABLED=0
