AVERAGE_WEIGHT_VALUE=0.046971998280949064
AVERAGE_INPUT_VALUE=0.10150758247136753
ADC_ACTION_SHARE=1.0
CIM_UNITS_PER_WEIGHT=3
SPECULATION_ENABLED=0
