AVERAGE_WEIGHT_VALUE=0.04761254621876611
AVERAGE_INPUT_VALUE=0.10949646346021062
ADC_ACTION_SHARE=1.0
CIM_UNITS_PER_WEIGHT=3
SPECULATION_ENABLED=0
