AVERAGE_WEIGHT_VALUE=0.047803591357337104
AVERAGE_INPUT_VALUE=0.06647826825678975
ADC_ACTION_SHARE=1.0
CIM_UNITS_PER_WEIGHT=3
SPECULATION_ENABLED=0
