AVERAGE_WEIGHT_VALUE=0.047678045762909786
AVERAGE_INPUT_VALUE=0.09754606079706447
ADC_ACTION_SHARE=1.0
CIM_UNITS_PER_WEIGHT=3
SPECULATION_ENABLED=0
