AVERAGE_WEIGHT_VALUE=0.04198576087752978
AVERAGE_INPUT_VALUE=0.06379268801574295
ADC_ACTION_SHARE=1.0
CIM_UNITS_PER_WEIGHT=3
SPECULATION_ENABLED=0
