AVERAGE_WEIGHT_VALUE=0.045040137237972684
AVERAGE_INPUT_VALUE=0.10572263057456617
ADC_ACTION_SHARE=1.0
CIM_UNITS_PER_WEIGHT=3
SPECULATION_ENABLED=0
