AVERAGE_WEIGHT_VALUE=0.04147802988688151
AVERAGE_INPUT_VALUE=0.06500336168485747
ADC_ACTION_SHARE=1.0
CIM_UNITS_PER_WEIGHT=3
SPECULATION_ENABLED=0
