AVERAGE_WEIGHT_VALUE=0.04768730998039246
AVERAGE_INPUT_VALUE=0.0753572428272029
ADC_ACTION_SHARE=1.0
CIM_UNITS_PER_WEIGHT=3
SPECULATION_ENABLED=0
