AVERAGE_WEIGHT_VALUE=0.04741742213567098
AVERAGE_INPUT_VALUE=0.13461393354855947
ADC_ACTION_SHARE=1.0
CIM_UNITS_PER_WEIGHT=3
SPECULATION_ENABLED=0
