AVERAGE_WEIGHT_VALUE=0.042002790255679025
AVERAGE_INPUT_VALUE=0.0794655948260391
ADC_ACTION_SHARE=1.0
CIM_UNITS_PER_WEIGHT=3
SPECULATION_ENABLED=0
