AVERAGE_WEIGHT_VALUE=0.011003529916827877
AVERAGE_INPUT_VALUE=0.10208927473199719
ADC_ACTION_SHARE=1.0
CIM_UNITS_PER_WEIGHT=8
SPECULATION_ENABLED=0
