AVERAGE_WEIGHT_VALUE=0.04728024403254191
AVERAGE_INPUT_VALUE=0.09890378082482164
ADC_ACTION_SHARE=1.0
CIM_UNITS_PER_WEIGHT=3
SPECULATION_ENABLED=0
