AVERAGE_WEIGHT_VALUE=0.04166757075322999
AVERAGE_INPUT_VALUE=0.08310971707050886
ADC_ACTION_SHARE=1.0
CIM_UNITS_PER_WEIGHT=3
SPECULATION_ENABLED=0
