AVERAGE_WEIGHT_VALUE=0.04631251725885603
AVERAGE_INPUT_VALUE=0.08203163568097131
ADC_ACTION_SHARE=1.0
CIM_UNITS_PER_WEIGHT=3
SPECULATION_ENABLED=0
