AVERAGE_WEIGHT_VALUE=0.047684855924712284
AVERAGE_INPUT_VALUE=0.07399705709560653
ADC_ACTION_SHARE=1.0
CIM_UNITS_PER_WEIGHT=3
SPECULATION_ENABLED=0
