AVERAGE_WEIGHT_VALUE=0.04235401997963587
AVERAGE_INPUT_VALUE=0.0668594646951965
ADC_ACTION_SHARE=1.0
CIM_UNITS_PER_WEIGHT=3
SPECULATION_ENABLED=0
