AVERAGE_WEIGHT_VALUE=0.04831701252195571
AVERAGE_INPUT_VALUE=0.07382362175365893
ADC_ACTION_SHARE=1.0
CIM_UNITS_PER_WEIGHT=3
SPECULATION_ENABLED=0
