AVERAGE_WEIGHT_VALUE=0.045797767572932774
AVERAGE_INPUT_VALUE=0.12528934159983482
ADC_ACTION_SHARE=1.0
CIM_UNITS_PER_WEIGHT=3
SPECULATION_ENABLED=0
