AVERAGE_WEIGHT_VALUE=0.041816405538055636
AVERAGE_INPUT_VALUE=0.0467746135348147
ADC_ACTION_SHARE=1.0
CIM_UNITS_PER_WEIGHT=3
SPECULATION_ENABLED=0
