AVERAGE_WEIGHT_VALUE=0.04307484295633104
AVERAGE_INPUT_VALUE=0.07836883817784981
ADC_ACTION_SHARE=1.0
CIM_UNITS_PER_WEIGHT=3
SPECULATION_ENABLED=0
