AVERAGE_WEIGHT_VALUE=0.04706925816006131
AVERAGE_INPUT_VALUE=0.09722377668429298
ADC_ACTION_SHARE=1.0
CIM_UNITS_PER_WEIGHT=3
SPECULATION_ENABLED=0
