AVERAGE_WEIGHT_VALUE=0.0412687016857995
AVERAGE_INPUT_VALUE=0.07303621786328708
ADC_ACTION_SHARE=1.0
CIM_UNITS_PER_WEIGHT=3
SPECULATION_ENABLED=0
