AVERAGE_WEIGHT_VALUE=0.04813283350732591
AVERAGE_INPUT_VALUE=0.09083999079534931
ADC_ACTION_SHARE=1.0
CIM_UNITS_PER_WEIGHT=3
SPECULATION_ENABLED=0
