AVERAGE_WEIGHT_VALUE=0.43759166666666666
AVERAGE_INPUT_VALUE=0.27491946193383643
ADC_ACTION_SHARE=1.0
CIM_UNITS_PER_WEIGHT=4
SPECULATION_ENABLED=0
