AVERAGE_WEIGHT_VALUE=0.4580666666666667
AVERAGE_INPUT_VALUE=0.36524473065739066
ADC_ACTION_SHARE=1.0
CIM_UNITS_PER_WEIGHT=4
SPECULATION_ENABLED=0
