AVERAGE_WEIGHT_VALUE=0.47844166666666665
AVERAGE_INPUT_VALUE=0.22333555601500618
ADC_ACTION_SHARE=1.0
CIM_UNITS_PER_WEIGHT=4
SPECULATION_ENABLED=0
