AVERAGE_WEIGHT_VALUE=0.4727249999999999
AVERAGE_INPUT_VALUE=0.1525313859005333
ADC_ACTION_SHARE=1.0
CIM_UNITS_PER_WEIGHT=4
SPECULATION_ENABLED=0
