AVERAGE_WEIGHT_VALUE=0.4415916666666666
AVERAGE_INPUT_VALUE=0.029054973095905254
ADC_ACTION_SHARE=1.0
CIM_UNITS_PER_WEIGHT=4
SPECULATION_ENABLED=0
