AVERAGE_WEIGHT_VALUE=0.4633583333333333
AVERAGE_INPUT_VALUE=0.3408425135072205
ADC_ACTION_SHARE=1.0
CIM_UNITS_PER_WEIGHT=4
SPECULATION_ENABLED=0
