AVERAGE_WEIGHT_VALUE=0.4784833333333333
AVERAGE_INPUT_VALUE=0.10833634682490263
ADC_ACTION_SHARE=1.0
CIM_UNITS_PER_WEIGHT=4
SPECULATION_ENABLED=0
