AVERAGE_WEIGHT_VALUE=0.4817333333333333
AVERAGE_INPUT_VALUE=0.12654182664039848
ADC_ACTION_SHARE=1.0
CIM_UNITS_PER_WEIGHT=4
SPECULATION_ENABLED=0
