AVERAGE_WEIGHT_VALUE=0.4699083333333333
AVERAGE_INPUT_VALUE=0.2661254567121201
ADC_ACTION_SHARE=1.0
CIM_UNITS_PER_WEIGHT=4
SPECULATION_ENABLED=0
