AVERAGE_WEIGHT_VALUE=0.48006666666666664
AVERAGE_INPUT_VALUE=0.09923890152289676
ADC_ACTION_SHARE=1.0
CIM_UNITS_PER_WEIGHT=4
SPECULATION_ENABLED=0
