AVERAGE_WEIGHT_VALUE=0.47363333333333335
AVERAGE_INPUT_VALUE=0.08511257588765372
ADC_ACTION_SHARE=1.0
CIM_UNITS_PER_WEIGHT=4
SPECULATION_ENABLED=0
