AVERAGE_WEIGHT_VALUE=0.48140833333333327
AVERAGE_INPUT_VALUE=0.060307204738981976
ADC_ACTION_SHARE=1.0
CIM_UNITS_PER_WEIGHT=4
SPECULATION_ENABLED=0
