AVERAGE_WEIGHT_VALUE=0.48409166666666664
AVERAGE_INPUT_VALUE=0.1698603284656288
ADC_ACTION_SHARE=1.0
CIM_UNITS_PER_WEIGHT=4
SPECULATION_ENABLED=0
