AVERAGE_WEIGHT_VALUE=0.4784916666666667
AVERAGE_INPUT_VALUE=0.21078742023320363
ADC_ACTION_SHARE=1.0
CIM_UNITS_PER_WEIGHT=4
SPECULATION_ENABLED=0
