AVERAGE_WEIGHT_VALUE=0.4785000000000001
AVERAGE_INPUT_VALUE=0.2159531555439824
ADC_ACTION_SHARE=1.0
CIM_UNITS_PER_WEIGHT=4
SPECULATION_ENABLED=0
