AVERAGE_WEIGHT_VALUE=0.4678083333333333
AVERAGE_INPUT_VALUE=0.20852811765799414
ADC_ACTION_SHARE=1.0
CIM_UNITS_PER_WEIGHT=4
SPECULATION_ENABLED=0
