AVERAGE_WEIGHT_VALUE=0.47057499999999997
AVERAGE_INPUT_VALUE=0.1525313859005333
ADC_ACTION_SHARE=1.0
CIM_UNITS_PER_WEIGHT=4
SPECULATION_ENABLED=0
