AVERAGE_WEIGHT_VALUE=0.010073037660913543
AVERAGE_INPUT_VALUE=0.47427919633680304
ADC_ACTION_SHARE=0.37598631192750037
CIM_UNITS_PER_WEIGHT=8
