AVERAGE_WEIGHT_VALUE=0.12046199707935254
AVERAGE_INPUT_VALUE=0.4867942136630835
ADC_ACTION_SHARE=0.37990335602542413
CIM_UNITS_PER_WEIGHT=2
