AVERAGE_WEIGHT_VALUE=0.041064454339599855
AVERAGE_INPUT_VALUE=0.3228626435040554
ADC_ACTION_SHARE=0.38507296803478824
CIM_UNITS_PER_WEIGHT=3
