AVERAGE_WEIGHT_VALUE=0.032965816526363295
AVERAGE_INPUT_VALUE=0.701439649605284
ADC_ACTION_SHARE=0.4948494591778733
CIM_UNITS_PER_WEIGHT=3
