AVERAGE_WEIGHT_VALUE=0.12191358258326848
AVERAGE_INPUT_VALUE=0.39958466458980935
ADC_ACTION_SHARE=0.3769848275747675
CIM_UNITS_PER_WEIGHT=2
