AVERAGE_WEIGHT_VALUE=0.03901374518100056
AVERAGE_INPUT_VALUE=0.29658049067473885
ADC_ACTION_SHARE=0.42449908900424643
CIM_UNITS_PER_WEIGHT=3
