AVERAGE_WEIGHT_VALUE=0.04022732083168294
AVERAGE_INPUT_VALUE=0.7528884754293621
ADC_ACTION_SHARE=0.7487001190129569
CIM_UNITS_PER_WEIGHT=3
