AVERAGE_WEIGHT_VALUE=0.12233796498427789
AVERAGE_INPUT_VALUE=0.6419816305158783
ADC_ACTION_SHARE=0.47762286792775355
CIM_UNITS_PER_WEIGHT=2
