AVERAGE_WEIGHT_VALUE=0.12771267766753833
AVERAGE_INPUT_VALUE=0.7116422488742937
ADC_ACTION_SHARE=0.5502241236321651
CIM_UNITS_PER_WEIGHT=2
