AVERAGE_WEIGHT_VALUE=0.04019169686111531
AVERAGE_INPUT_VALUE=0.4914586085926478
ADC_ACTION_SHARE=0.40621104179098483
CIM_UNITS_PER_WEIGHT=3
