AVERAGE_WEIGHT_VALUE=0.03609935643358363
AVERAGE_INPUT_VALUE=0.5048711949927984
ADC_ACTION_SHARE=0.4763192046962175
CIM_UNITS_PER_WEIGHT=3
