AVERAGE_WEIGHT_VALUE=0.08411940592341124
AVERAGE_INPUT_VALUE=0.6008484799237362
ADC_ACTION_SHARE=0.3781888279426355
CIM_UNITS_PER_WEIGHT=2
