AVERAGE_WEIGHT_VALUE=0.1231445332368215
AVERAGE_INPUT_VALUE=0.7009009415248197
ADC_ACTION_SHARE=0.5407239284237446
CIM_UNITS_PER_WEIGHT=2
