AVERAGE_WEIGHT_VALUE=0.039926939712151784
AVERAGE_INPUT_VALUE=0.29369526059702633
ADC_ACTION_SHARE=0.3931403672226123
CIM_UNITS_PER_WEIGHT=3
