AVERAGE_WEIGHT_VALUE=0.11123046875
AVERAGE_INPUT_VALUE=0.4281231703205862
ADC_ACTION_SHARE=0.4620658428844578
CIM_UNITS_PER_WEIGHT=2
