AVERAGE_WEIGHT_VALUE=0.12326389082397024
AVERAGE_INPUT_VALUE=0.4426741800772207
ADC_ACTION_SHARE=0.376346094843087
CIM_UNITS_PER_WEIGHT=2
