AVERAGE_WEIGHT_VALUE=0.040976744227939184
AVERAGE_INPUT_VALUE=0.7485342765664296
ADC_ACTION_SHARE=0.46878030700438544
CIM_UNITS_PER_WEIGHT=3
