AVERAGE_WEIGHT_VALUE=0.04054060553510984
AVERAGE_INPUT_VALUE=0.5931944658264073
ADC_ACTION_SHARE=0.40149704912380524
CIM_UNITS_PER_WEIGHT=3
