AVERAGE_WEIGHT_VALUE=0.12488425802439451
AVERAGE_INPUT_VALUE=0.6010703252729963
ADC_ACTION_SHARE=0.37935069062055116
CIM_UNITS_PER_WEIGHT=2
