AVERAGE_WEIGHT_VALUE=0.03536031586635444
AVERAGE_INPUT_VALUE=0.4936483765438464
ADC_ACTION_SHARE=0.5572439125364673
CIM_UNITS_PER_WEIGHT=3
