AVERAGE_WEIGHT_VALUE=0.037797943102648585
AVERAGE_INPUT_VALUE=0.390128319769001
ADC_ACTION_SHARE=0.44793352115377
CIM_UNITS_PER_WEIGHT=3
