AVERAGE_WEIGHT_VALUE=0.10510223936289549
AVERAGE_INPUT_VALUE=0.6816604346482303
ADC_ACTION_SHARE=0.37812767739477937
CIM_UNITS_PER_WEIGHT=2
