AVERAGE_WEIGHT_VALUE=0.044646990961498684
AVERAGE_INPUT_VALUE=0.403959743970034
ADC_ACTION_SHARE=0.37667314068427654
CIM_UNITS_PER_WEIGHT=3
