AVERAGE_WEIGHT_VALUE=0.12683648202219047
AVERAGE_INPUT_VALUE=0.7235203762261913
ADC_ACTION_SHARE=0.5569448343042736
CIM_UNITS_PER_WEIGHT=2
