AVERAGE_WEIGHT_VALUE=0.0404984095858203
AVERAGE_INPUT_VALUE=0.6908930752687742
ADC_ACTION_SHARE=0.41612505250445336
CIM_UNITS_PER_WEIGHT=3
