AVERAGE_WEIGHT_VALUE=0.07424768668909867
AVERAGE_INPUT_VALUE=0.5515376709293393
ADC_ACTION_SHARE=0.3761337215969217
CIM_UNITS_PER_WEIGHT=2
