AVERAGE_WEIGHT_VALUE=0.14331597325702508
AVERAGE_INPUT_VALUE=0.48716268533772805
ADC_ACTION_SHARE=0.3785040072834078
CIM_UNITS_PER_WEIGHT=2
