AVERAGE_WEIGHT_VALUE=0.12099609449505806
AVERAGE_INPUT_VALUE=0.4988220238201212
ADC_ACTION_SHARE=0.42448997379263653
CIM_UNITS_PER_WEIGHT=2
