AVERAGE_WEIGHT_VALUE=0.12249035154624531
AVERAGE_INPUT_VALUE=0.1829119386503355
ADC_ACTION_SHARE=0.3750706580119243
CIM_UNITS_PER_WEIGHT=2
