AVERAGE_WEIGHT_VALUE=0.03591986795266469
AVERAGE_INPUT_VALUE=0.3009170579634058
ADC_ACTION_SHARE=0.41308003808245136
CIM_UNITS_PER_WEIGHT=3
