AVERAGE_WEIGHT_VALUE=0.03844220249803685
AVERAGE_INPUT_VALUE=0.6864023272082695
ADC_ACTION_SHARE=0.5058439439103326
CIM_UNITS_PER_WEIGHT=3
