AVERAGE_WEIGHT_VALUE=0.03357530471661852
AVERAGE_INPUT_VALUE=0.4329872544218082
ADC_ACTION_SHARE=0.5514954701811225
CIM_UNITS_PER_WEIGHT=3
