AVERAGE_WEIGHT_VALUE=0.039770056942102706
AVERAGE_INPUT_VALUE=0.7354642332079961
ADC_ACTION_SHARE=0.4643751184901597
CIM_UNITS_PER_WEIGHT=3
