AVERAGE_WEIGHT_VALUE=0.1127459492534399
AVERAGE_INPUT_VALUE=0.753772475675168
ADC_ACTION_SHARE=0.3839874637575584
CIM_UNITS_PER_WEIGHT=2
