AVERAGE_WEIGHT_VALUE=0.04153465082248052
AVERAGE_INPUT_VALUE=0.3586072580827541
ADC_ACTION_SHARE=0.3883837231363431
CIM_UNITS_PER_WEIGHT=3
