AVERAGE_WEIGHT_VALUE=0.03971037798457676
AVERAGE_INPUT_VALUE=0.755015131670585
ADC_ACTION_SHARE=0.4662206598953273
CIM_UNITS_PER_WEIGHT=3
