AVERAGE_WEIGHT_VALUE=0.04097225957888844
AVERAGE_INPUT_VALUE=0.6279696440563544
ADC_ACTION_SHARE=0.47871697147835107
CIM_UNITS_PER_WEIGHT=3
