AVERAGE_WEIGHT_VALUE=0.11908757959802946
AVERAGE_INPUT_VALUE=0.6094189769936214
ADC_ACTION_SHARE=0.3802198119967851
CIM_UNITS_PER_WEIGHT=2
