AVERAGE_WEIGHT_VALUE=0.12812017959853014
AVERAGE_INPUT_VALUE=0.6183199703241768
ADC_ACTION_SHARE=0.4668721732449793
CIM_UNITS_PER_WEIGHT=2
