AVERAGE_WEIGHT_VALUE=0.03713635857170124
AVERAGE_INPUT_VALUE=0.2916196850149305
ADC_ACTION_SHARE=0.417647307963746
CIM_UNITS_PER_WEIGHT=3
