AVERAGE_WEIGHT_VALUE=0.03108804371311433
AVERAGE_INPUT_VALUE=0.3007630092201745
ADC_ACTION_SHARE=0.3889587917982529
CIM_UNITS_PER_WEIGHT=3
