AVERAGE_WEIGHT_VALUE=0.03802987618578805
AVERAGE_INPUT_VALUE=0.7275377542305674
ADC_ACTION_SHARE=0.46213035340041114
CIM_UNITS_PER_WEIGHT=3
