AVERAGE_WEIGHT_VALUE=0.03622403879546457
AVERAGE_INPUT_VALUE=0.6704860334623192
ADC_ACTION_SHARE=0.48349549164528066
CIM_UNITS_PER_WEIGHT=3
