AVERAGE_WEIGHT_VALUE=0.03241109724428194
AVERAGE_INPUT_VALUE=0.5050549614361317
ADC_ACTION_SHARE=0.5972354396338356
CIM_UNITS_PER_WEIGHT=3
