AVERAGE_WEIGHT_VALUE=0.0393357767826981
AVERAGE_INPUT_VALUE=0.4202979407375587
ADC_ACTION_SHARE=0.3795503625496018
CIM_UNITS_PER_WEIGHT=3
