AVERAGE_WEIGHT_VALUE=0.14446052107959986
AVERAGE_INPUT_VALUE=0.25408829077154554
ADC_ACTION_SHARE=0.37616391525403337
CIM_UNITS_PER_WEIGHT=2
