AVERAGE_WEIGHT_VALUE=0.038063332562645276
AVERAGE_INPUT_VALUE=0.37923542627279294
ADC_ACTION_SHARE=0.44411496659888633
CIM_UNITS_PER_WEIGHT=3
