AVERAGE_WEIGHT_VALUE=0.10320022939704358
AVERAGE_INPUT_VALUE=0.4174412217855381
ADC_ACTION_SHARE=0.3769761869333461
CIM_UNITS_PER_WEIGHT=2
