AVERAGE_WEIGHT_VALUE=0.089742478596357
AVERAGE_INPUT_VALUE=0.5850240283402349
ADC_ACTION_SHARE=0.3774724621810795
CIM_UNITS_PER_WEIGHT=2
