AVERAGE_WEIGHT_VALUE=0.08937435645299653
AVERAGE_INPUT_VALUE=0.4061551143770177
ADC_ACTION_SHARE=0.3762467743538778
CIM_UNITS_PER_WEIGHT=2
