AVERAGE_WEIGHT_VALUE=0.10381301511855175
AVERAGE_INPUT_VALUE=0.3100987009019113
ADC_ACTION_SHARE=0.37615477776363976
CIM_UNITS_PER_WEIGHT=2
