AVERAGE_WEIGHT_VALUE=0.11056134042640527
AVERAGE_INPUT_VALUE=0.37076156645631697
ADC_ACTION_SHARE=0.37632302700853515
CIM_UNITS_PER_WEIGHT=2
