AVERAGE_WEIGHT_VALUE=0.088831018935889
AVERAGE_INPUT_VALUE=1.1493519583762262
ADC_ACTION_SHARE=0.5035984514073255
CIM_UNITS_PER_WEIGHT=2
