AVERAGE_WEIGHT_VALUE=0.48541666666666666
AVERAGE_INPUT_VALUE=0.48445000000000005
ADC_ACTION_SHARE=1.0
CIM_UNITS_PER_WEIGHT=4
SPECULATION_ENABLED=0
