AVERAGE_WEIGHT_VALUE=0.48499999999999993
AVERAGE_INPUT_VALUE=0.49063749999999995
ADC_ACTION_SHARE=1.0
CIM_UNITS_PER_WEIGHT=4
SPECULATION_ENABLED=0
