AVERAGE_WEIGHT_VALUE=0.48008333333333325
AVERAGE_INPUT_VALUE=0.47298750000000006
ADC_ACTION_SHARE=1.0
CIM_UNITS_PER_WEIGHT=4
SPECULATION_ENABLED=0
