AVERAGE_WEIGHT_VALUE=0.48350833333333326
AVERAGE_INPUT_VALUE=0.4829375000000001
ADC_ACTION_SHARE=1.0
CIM_UNITS_PER_WEIGHT=4
SPECULATION_ENABLED=0
