AVERAGE_WEIGHT_VALUE=0.4913666666666667
AVERAGE_INPUT_VALUE=0.5819749999999999
ADC_ACTION_SHARE=1.0
CIM_UNITS_PER_WEIGHT=4
SPECULATION_ENABLED=0
