AVERAGE_WEIGHT_VALUE=0.48537500000000006
AVERAGE_INPUT_VALUE=0.49031250000000004
ADC_ACTION_SHARE=1.0
CIM_UNITS_PER_WEIGHT=4
SPECULATION_ENABLED=0
