AVERAGE_WEIGHT_VALUE=0.48604166666666665
AVERAGE_INPUT_VALUE=0.45696250000000005
ADC_ACTION_SHARE=1.0
CIM_UNITS_PER_WEIGHT=4
SPECULATION_ENABLED=0
