AVERAGE_WEIGHT_VALUE=0.48370833333333324
AVERAGE_INPUT_VALUE=0.46920000000000006
ADC_ACTION_SHARE=1.0
CIM_UNITS_PER_WEIGHT=4
SPECULATION_ENABLED=0
