AVERAGE_WEIGHT_VALUE=0.4922583333333334
AVERAGE_INPUT_VALUE=0.6840000000000002
ADC_ACTION_SHARE=1.0
CIM_UNITS_PER_WEIGHT=4
SPECULATION_ENABLED=0
