AVERAGE_WEIGHT_VALUE=0.48551666666666665
AVERAGE_INPUT_VALUE=0.46951250000000005
ADC_ACTION_SHARE=1.0
CIM_UNITS_PER_WEIGHT=4
SPECULATION_ENABLED=0
