AVERAGE_WEIGHT_VALUE=0.48540000000000005
AVERAGE_INPUT_VALUE=0.49694999999999995
ADC_ACTION_SHARE=1.0
CIM_UNITS_PER_WEIGHT=4
SPECULATION_ENABLED=0
