AVERAGE_WEIGHT_VALUE=0.48546666666666666
AVERAGE_INPUT_VALUE=0.49748749999999997
ADC_ACTION_SHARE=1.0
CIM_UNITS_PER_WEIGHT=4
SPECULATION_ENABLED=0
