AVERAGE_WEIGHT_VALUE=0.48570833333333324
AVERAGE_INPUT_VALUE=0.48783750000000003
ADC_ACTION_SHARE=1.0
CIM_UNITS_PER_WEIGHT=4
SPECULATION_ENABLED=0
