AVERAGE_WEIGHT_VALUE=0.48345833333333327
AVERAGE_INPUT_VALUE=0.48269999999999996
ADC_ACTION_SHARE=1.0
CIM_UNITS_PER_WEIGHT=4
SPECULATION_ENABLED=0
