AVERAGE_WEIGHT_VALUE=0.48445833333333327
AVERAGE_INPUT_VALUE=0.48791249999999997
ADC_ACTION_SHARE=1.0
CIM_UNITS_PER_WEIGHT=4
SPECULATION_ENABLED=0
