AVERAGE_WEIGHT_VALUE=0.49124166666666674
AVERAGE_INPUT_VALUE=0.6042499999999998
ADC_ACTION_SHARE=1.0
CIM_UNITS_PER_WEIGHT=4
SPECULATION_ENABLED=0
