AVERAGE_WEIGHT_VALUE=0.010958274619285172
AVERAGE_INPUT_VALUE=0.1474869399854354
ADC_ACTION_SHARE=1.0
CIM_UNITS_PER_WEIGHT=8
SPECULATION_ENABLED=0
