AVERAGE_WEIGHT_VALUE=0.03764707264619776
AVERAGE_INPUT_VALUE=0.08336232265777778
ADC_ACTION_SHARE=1.0
CIM_UNITS_PER_WEIGHT=3
SPECULATION_ENABLED=0
