AVERAGE_WEIGHT_VALUE=0.04222035406180819
AVERAGE_INPUT_VALUE=0.08764326437036588
ADC_ACTION_SHARE=1.0
CIM_UNITS_PER_WEIGHT=3
SPECULATION_ENABLED=0
