AVERAGE_WEIGHT_VALUE=0.0371247093917595
AVERAGE_INPUT_VALUE=0.15381509356351641
ADC_ACTION_SHARE=1.0
CIM_UNITS_PER_WEIGHT=3
SPECULATION_ENABLED=0
