AVERAGE_WEIGHT_VALUE=0.03817324642505911
AVERAGE_INPUT_VALUE=0.016237779283335568
ADC_ACTION_SHARE=1.0
CIM_UNITS_PER_WEIGHT=3
SPECULATION_ENABLED=0
