AVERAGE_WEIGHT_VALUE=0.0387811863872533
AVERAGE_INPUT_VALUE=0.16098672082338997
ADC_ACTION_SHARE=1.0
CIM_UNITS_PER_WEIGHT=3
SPECULATION_ENABLED=0
