AVERAGE_WEIGHT_VALUE=0.03689960875781253
AVERAGE_INPUT_VALUE=0.09978219003390101
ADC_ACTION_SHARE=1.0
CIM_UNITS_PER_WEIGHT=3
SPECULATION_ENABLED=0
