AVERAGE_WEIGHT_VALUE=0.04184834099788633
AVERAGE_INPUT_VALUE=0.1219342609259632
ADC_ACTION_SHARE=1.0
CIM_UNITS_PER_WEIGHT=3
SPECULATION_ENABLED=0
