AVERAGE_WEIGHT_VALUE=0.0446588966400466
AVERAGE_INPUT_VALUE=0.07486606635092131
ADC_ACTION_SHARE=1.0
CIM_UNITS_PER_WEIGHT=3
SPECULATION_ENABLED=0
