AVERAGE_WEIGHT_VALUE=0.042585766737627435
AVERAGE_INPUT_VALUE=0.05768561927416772
ADC_ACTION_SHARE=1.0
CIM_UNITS_PER_WEIGHT=3
SPECULATION_ENABLED=0
