AVERAGE_WEIGHT_VALUE=0.03938242444225277
AVERAGE_INPUT_VALUE=0.09045850766725175
ADC_ACTION_SHARE=1.0
CIM_UNITS_PER_WEIGHT=3
SPECULATION_ENABLED=0
