AVERAGE_WEIGHT_VALUE=0.040482520496071726
AVERAGE_INPUT_VALUE=0.06295526428478239
ADC_ACTION_SHARE=1.0
CIM_UNITS_PER_WEIGHT=3
SPECULATION_ENABLED=0
