AVERAGE_WEIGHT_VALUE=0.04075118986268838
AVERAGE_INPUT_VALUE=0.13197425123011605
ADC_ACTION_SHARE=1.0
CIM_UNITS_PER_WEIGHT=3
SPECULATION_ENABLED=0
