AVERAGE_WEIGHT_VALUE=0.03718476135788175
AVERAGE_INPUT_VALUE=0.11531001984743969
ADC_ACTION_SHARE=1.0
CIM_UNITS_PER_WEIGHT=3
SPECULATION_ENABLED=0
