AVERAGE_WEIGHT_VALUE=0.041714508721148985
AVERAGE_INPUT_VALUE=0.04380251097448707
ADC_ACTION_SHARE=1.0
CIM_UNITS_PER_WEIGHT=3
SPECULATION_ENABLED=0
