AVERAGE_WEIGHT_VALUE=0.03803988725153937
AVERAGE_INPUT_VALUE=0.12311330241542662
ADC_ACTION_SHARE=1.0
CIM_UNITS_PER_WEIGHT=3
SPECULATION_ENABLED=0
