AVERAGE_WEIGHT_VALUE=0.03610004869276761
AVERAGE_INPUT_VALUE=0.07392782452343083
ADC_ACTION_SHARE=1.0
CIM_UNITS_PER_WEIGHT=3
SPECULATION_ENABLED=0
