AVERAGE_WEIGHT_VALUE=0.038060016785230896
AVERAGE_INPUT_VALUE=0.13197425123011605
ADC_ACTION_SHARE=1.0
CIM_UNITS_PER_WEIGHT=3
SPECULATION_ENABLED=0
