AVERAGE_WEIGHT_VALUE=0.03679092848259542
AVERAGE_INPUT_VALUE=0.11363280376803554
ADC_ACTION_SHARE=1.0
CIM_UNITS_PER_WEIGHT=3
SPECULATION_ENABLED=0
