AVERAGE_WEIGHT_VALUE=0.037946236512571986
AVERAGE_INPUT_VALUE=0.09897045672580625
ADC_ACTION_SHARE=1.0
CIM_UNITS_PER_WEIGHT=3
SPECULATION_ENABLED=0
