AVERAGE_WEIGHT_VALUE=0.037464551963946886
AVERAGE_INPUT_VALUE=0.10639138507284426
ADC_ACTION_SHARE=1.0
CIM_UNITS_PER_WEIGHT=3
SPECULATION_ENABLED=0
