AVERAGE_WEIGHT_VALUE=0.04163270785938948
AVERAGE_INPUT_VALUE=0.15002244522557048
ADC_ACTION_SHARE=1.0
CIM_UNITS_PER_WEIGHT=3
SPECULATION_ENABLED=0
