AVERAGE_WEIGHT_VALUE=0.039146493173514804
AVERAGE_INPUT_VALUE=0.14853042565911193
ADC_ACTION_SHARE=1.0
CIM_UNITS_PER_WEIGHT=3
SPECULATION_ENABLED=0
