AVERAGE_WEIGHT_VALUE=0.03859979638881568
AVERAGE_INPUT_VALUE=0.1050986419400917
ADC_ACTION_SHARE=1.0
CIM_UNITS_PER_WEIGHT=3
SPECULATION_ENABLED=0
