AVERAGE_WEIGHT_VALUE=0.04054723769012425
AVERAGE_INPUT_VALUE=0.32565022223232964
ADC_ACTION_SHARE=1.0
CIM_UNITS_PER_WEIGHT=3
SPECULATION_ENABLED=0
