AVERAGE_WEIGHT_VALUE=0.04084778451231411
AVERAGE_INPUT_VALUE=0.07471696714334385
ADC_ACTION_SHARE=1.0
CIM_UNITS_PER_WEIGHT=3
SPECULATION_ENABLED=0
