AVERAGE_WEIGHT_VALUE=0.03813634825249513
AVERAGE_INPUT_VALUE=0.20388868292270346
ADC_ACTION_SHARE=1.0
CIM_UNITS_PER_WEIGHT=3
SPECULATION_ENABLED=0
