AVERAGE_WEIGHT_VALUE=0.03805377449478126
AVERAGE_INPUT_VALUE=0.07610993538441961
ADC_ACTION_SHARE=1.0
CIM_UNITS_PER_WEIGHT=3
SPECULATION_ENABLED=0
