AVERAGE_WEIGHT_VALUE=0.03513268470350239
AVERAGE_INPUT_VALUE=0.029466945872420026
ADC_ACTION_SHARE=1.0
CIM_UNITS_PER_WEIGHT=3
SPECULATION_ENABLED=0
