AVERAGE_WEIGHT_VALUE=0.04226059244117803
AVERAGE_INPUT_VALUE=0.10847523927900835
ADC_ACTION_SHARE=1.0
CIM_UNITS_PER_WEIGHT=3
SPECULATION_ENABLED=0
