AVERAGE_WEIGHT_VALUE=0.03458174059245114
AVERAGE_INPUT_VALUE=0.15873598820313878
ADC_ACTION_SHARE=1.0
CIM_UNITS_PER_WEIGHT=3
SPECULATION_ENABLED=0
