AVERAGE_WEIGHT_VALUE=0.037908912501815294
AVERAGE_INPUT_VALUE=0.08262022763342104
ADC_ACTION_SHARE=1.0
CIM_UNITS_PER_WEIGHT=3
SPECULATION_ENABLED=0
