AVERAGE_WEIGHT_VALUE=0.04277665271009836
AVERAGE_INPUT_VALUE=0.10035416845915998
ADC_ACTION_SHARE=1.0
CIM_UNITS_PER_WEIGHT=3
SPECULATION_ENABLED=0
