AVERAGE_WEIGHT_VALUE=0.03574376873956579
AVERAGE_INPUT_VALUE=0.08416693623075391
ADC_ACTION_SHARE=1.0
CIM_UNITS_PER_WEIGHT=3
SPECULATION_ENABLED=0
