AVERAGE_WEIGHT_VALUE=0.042041680731603664
AVERAGE_INPUT_VALUE=0.0914745813080078
ADC_ACTION_SHARE=1.0
CIM_UNITS_PER_WEIGHT=3
SPECULATION_ENABLED=0
