AVERAGE_WEIGHT_VALUE=0.1279020748075709
AVERAGE_INPUT_VALUE=0.035668795696254724
ADC_ACTION_SHARE=1.0
CIM_UNITS_PER_WEIGHT=2
SPECULATION_ENABLED=0
