AVERAGE_WEIGHT_VALUE=0.13376340568065642
AVERAGE_INPUT_VALUE=0.032113968941024224
ADC_ACTION_SHARE=1.0
CIM_UNITS_PER_WEIGHT=2
SPECULATION_ENABLED=0
