AVERAGE_WEIGHT_VALUE=0.03643437382221843
AVERAGE_INPUT_VALUE=0.07821429126203615
ADC_ACTION_SHARE=1.0
CIM_UNITS_PER_WEIGHT=3
SPECULATION_ENABLED=0
