AVERAGE_WEIGHT_VALUE=0.040078720131229296
AVERAGE_INPUT_VALUE=0.042392183649426554
ADC_ACTION_SHARE=1.0
CIM_UNITS_PER_WEIGHT=3
SPECULATION_ENABLED=0
