AVERAGE_WEIGHT_VALUE=0.04016994900173611
AVERAGE_INPUT_VALUE=0.18955430903899886
ADC_ACTION_SHARE=1.0
CIM_UNITS_PER_WEIGHT=3
SPECULATION_ENABLED=0
