AVERAGE_WEIGHT_VALUE=0.038638609455018826
AVERAGE_INPUT_VALUE=0.0757714257436677
ADC_ACTION_SHARE=1.0
CIM_UNITS_PER_WEIGHT=3
SPECULATION_ENABLED=0
