AVERAGE_WEIGHT_VALUE=0.0419642865502586
AVERAGE_INPUT_VALUE=0.0725083132590647
ADC_ACTION_SHARE=1.0
CIM_UNITS_PER_WEIGHT=3
SPECULATION_ENABLED=0
