AVERAGE_WEIGHT_VALUE=0.010073037660913543
AVERAGE_INPUT_VALUE=0.19514893327770605
ADC_ACTION_SHARE=1.0
CIM_UNITS_PER_WEIGHT=8
SPECULATION_ENABLED=0
