AVERAGE_WEIGHT_VALUE=0.12099609449505806
AVERAGE_INPUT_VALUE=0.20569957918112297
ADC_ACTION_SHARE=1.0
CIM_UNITS_PER_WEIGHT=2
SPECULATION_ENABLED=0
