AVERAGE_WEIGHT_VALUE=0.10381301511855175
AVERAGE_INPUT_VALUE=0.12729414218849555
ADC_ACTION_SHARE=1.0
CIM_UNITS_PER_WEIGHT=2
SPECULATION_ENABLED=0
