AVERAGE_WEIGHT_VALUE=0.041064454339599855
AVERAGE_INPUT_VALUE=0.13012839129231227
ADC_ACTION_SHARE=1.0
CIM_UNITS_PER_WEIGHT=3
SPECULATION_ENABLED=0
