AVERAGE_WEIGHT_VALUE=0.04054060553510984
AVERAGE_INPUT_VALUE=0.23592325014431567
ADC_ACTION_SHARE=1.0
CIM_UNITS_PER_WEIGHT=3
SPECULATION_ENABLED=0
