AVERAGE_WEIGHT_VALUE=0.038063332562645276
AVERAGE_INPUT_VALUE=0.15227900728781865
ADC_ACTION_SHARE=1.0
CIM_UNITS_PER_WEIGHT=3
SPECULATION_ENABLED=0
