AVERAGE_WEIGHT_VALUE=0.089742478596357
AVERAGE_INPUT_VALUE=0.23101712329391
ADC_ACTION_SHARE=1.0
CIM_UNITS_PER_WEIGHT=2
SPECULATION_ENABLED=0
