AVERAGE_WEIGHT_VALUE=0.03802987618578805
AVERAGE_INPUT_VALUE=0.29685664373352705
ADC_ACTION_SHARE=1.0
CIM_UNITS_PER_WEIGHT=3
SPECULATION_ENABLED=0
