AVERAGE_WEIGHT_VALUE=0.12249035154624531
AVERAGE_INPUT_VALUE=0.07463724226599357
ADC_ACTION_SHARE=1.0
CIM_UNITS_PER_WEIGHT=2
SPECULATION_ENABLED=0
