AVERAGE_WEIGHT_VALUE=0.03591986795266469
AVERAGE_INPUT_VALUE=0.12343604001192093
ADC_ACTION_SHARE=1.0
CIM_UNITS_PER_WEIGHT=3
SPECULATION_ENABLED=0
