AVERAGE_WEIGHT_VALUE=0.1127459492534399
AVERAGE_INPUT_VALUE=0.28868652922484755
ADC_ACTION_SHARE=1.0
CIM_UNITS_PER_WEIGHT=2
SPECULATION_ENABLED=0
