AVERAGE_WEIGHT_VALUE=0.11123046875
AVERAGE_INPUT_VALUE=0.17553819824128628
ADC_ACTION_SHARE=1.0
CIM_UNITS_PER_WEIGHT=2
SPECULATION_ENABLED=0
