AVERAGE_WEIGHT_VALUE=0.03901374518100056
AVERAGE_INPUT_VALUE=0.12142954707355097
ADC_ACTION_SHARE=1.0
CIM_UNITS_PER_WEIGHT=3
SPECULATION_ENABLED=0
