AVERAGE_WEIGHT_VALUE=0.039770056942102706
AVERAGE_INPUT_VALUE=0.29970155751415656
ADC_ACTION_SHARE=1.0
CIM_UNITS_PER_WEIGHT=3
SPECULATION_ENABLED=0
