AVERAGE_WEIGHT_VALUE=0.11056134042640527
AVERAGE_INPUT_VALUE=0.15180293527021874
ADC_ACTION_SHARE=1.0
CIM_UNITS_PER_WEIGHT=2
SPECULATION_ENABLED=0
