AVERAGE_WEIGHT_VALUE=0.03108804371311433
AVERAGE_INPUT_VALUE=0.1236530807112461
ADC_ACTION_SHARE=1.0
CIM_UNITS_PER_WEIGHT=3
SPECULATION_ENABLED=0
