AVERAGE_WEIGHT_VALUE=0.12326389082397024
AVERAGE_INPUT_VALUE=0.1803322803741413
ADC_ACTION_SHARE=1.0
CIM_UNITS_PER_WEIGHT=2
SPECULATION_ENABLED=0
