AVERAGE_WEIGHT_VALUE=0.10510223936289549
AVERAGE_INPUT_VALUE=0.2712149595979951
ADC_ACTION_SHARE=1.0
CIM_UNITS_PER_WEIGHT=2
SPECULATION_ENABLED=0
