AVERAGE_WEIGHT_VALUE=0.12046199707935254
AVERAGE_INPUT_VALUE=0.19207427281799025
ADC_ACTION_SHARE=1.0
CIM_UNITS_PER_WEIGHT=2
SPECULATION_ENABLED=0
