AVERAGE_WEIGHT_VALUE=0.04019169686111531
AVERAGE_INPUT_VALUE=0.20402298987600595
ADC_ACTION_SHARE=1.0
CIM_UNITS_PER_WEIGHT=3
SPECULATION_ENABLED=0
