AVERAGE_WEIGHT_VALUE=0.12683648202219047
AVERAGE_INPUT_VALUE=0.2953252311916306
ADC_ACTION_SHARE=1.0
CIM_UNITS_PER_WEIGHT=2
SPECULATION_ENABLED=0
