AVERAGE_WEIGHT_VALUE=0.1231445332368215
AVERAGE_INPUT_VALUE=0.28644258053055005
ADC_ACTION_SHARE=1.0
CIM_UNITS_PER_WEIGHT=2
SPECULATION_ENABLED=0
