AVERAGE_WEIGHT_VALUE=0.12191358258326848
AVERAGE_INPUT_VALUE=0.16488841937566648
ADC_ACTION_SHARE=1.0
CIM_UNITS_PER_WEIGHT=2
SPECULATION_ENABLED=0
