AVERAGE_WEIGHT_VALUE=0.03609935643358363
AVERAGE_INPUT_VALUE=0.20119924158401167
ADC_ACTION_SHARE=1.0
CIM_UNITS_PER_WEIGHT=3
SPECULATION_ENABLED=0
