AVERAGE_WEIGHT_VALUE=0.12812017959853014
AVERAGE_INPUT_VALUE=0.2526541240167897
ADC_ACTION_SHARE=1.0
CIM_UNITS_PER_WEIGHT=2
SPECULATION_ENABLED=0
