AVERAGE_WEIGHT_VALUE=0.035101922115104066
AVERAGE_INPUT_VALUE=0.07351097818140069
ADC_ACTION_SHARE=1.0
CIM_UNITS_PER_WEIGHT=4
SPECULATION_ENABLED=0
