AVERAGE_WEIGHT_VALUE=0.023479885525173612
AVERAGE_INPUT_VALUE=0.2076668289969646
ADC_ACTION_SHARE=1.0
CIM_UNITS_PER_WEIGHT=4
SPECULATION_ENABLED=0
