AVERAGE_WEIGHT_VALUE=0.0427668571472168
AVERAGE_INPUT_VALUE=0.0821678136097446
ADC_ACTION_SHARE=1.0
CIM_UNITS_PER_WEIGHT=4
SPECULATION_ENABLED=0
