AVERAGE_WEIGHT_VALUE=0.030037498474121092
AVERAGE_INPUT_VALUE=0.05756698470786216
ADC_ACTION_SHARE=1.0
CIM_UNITS_PER_WEIGHT=4
SPECULATION_ENABLED=0
