AVERAGE_WEIGHT_VALUE=0.03632364273071289
AVERAGE_INPUT_VALUE=0.1271762419039713
ADC_ACTION_SHARE=1.0
CIM_UNITS_PER_WEIGHT=4
SPECULATION_ENABLED=0
