AVERAGE_WEIGHT_VALUE=0.036557939317491316
AVERAGE_INPUT_VALUE=0.06611473121344738
ADC_ACTION_SHARE=1.0
CIM_UNITS_PER_WEIGHT=4
SPECULATION_ENABLED=0
