AVERAGE_WEIGHT_VALUE=0.040018463134765626
AVERAGE_INPUT_VALUE=0.2146847541276974
ADC_ACTION_SHARE=1.0
CIM_UNITS_PER_WEIGHT=4
SPECULATION_ENABLED=0
