AVERAGE_WEIGHT_VALUE=0.11704805198096438
AVERAGE_INPUT_VALUE=0.043179638989285604
ADC_ACTION_SHARE=1.0
CIM_UNITS_PER_WEIGHT=4
SPECULATION_ENABLED=0
