AVERAGE_WEIGHT_VALUE=0.035732767317030165
AVERAGE_INPUT_VALUE=0.1241685836123366
ADC_ACTION_SHARE=1.0
CIM_UNITS_PER_WEIGHT=4
SPECULATION_ENABLED=0
