AVERAGE_WEIGHT_VALUE=0.039035405053032775
AVERAGE_INPUT_VALUE=0.07327812644488554
ADC_ACTION_SHARE=1.0
CIM_UNITS_PER_WEIGHT=4
SPECULATION_ENABLED=0
