AVERAGE_WEIGHT_VALUE=0.11830184280406683
AVERAGE_INPUT_VALUE=0.07913483850322765
ADC_ACTION_SHARE=1.0
CIM_UNITS_PER_WEIGHT=4
SPECULATION_ENABLED=0
