AVERAGE_WEIGHT_VALUE=0.08239836798359951
AVERAGE_INPUT_VALUE=0.06559480217512895
ADC_ACTION_SHARE=1.0
CIM_UNITS_PER_WEIGHT=4
SPECULATION_ENABLED=0
