AVERAGE_WEIGHT_VALUE=0.12479756502434611
AVERAGE_INPUT_VALUE=0.08260091396380921
ADC_ACTION_SHARE=1.0
CIM_UNITS_PER_WEIGHT=4
SPECULATION_ENABLED=0
