AVERAGE_WEIGHT_VALUE=0.12693911157548426
AVERAGE_INPUT_VALUE=0.11556044150101084
ADC_ACTION_SHARE=1.0
CIM_UNITS_PER_WEIGHT=4
SPECULATION_ENABLED=0
