AVERAGE_WEIGHT_VALUE=0.09886870003150156
AVERAGE_INPUT_VALUE=0.06729666987725554
ADC_ACTION_SHARE=1.0
CIM_UNITS_PER_WEIGHT=4
SPECULATION_ENABLED=0
