AVERAGE_WEIGHT_VALUE=0.04104816383785671
AVERAGE_INPUT_VALUE=0.07250048387516875
ADC_ACTION_SHARE=1.0
CIM_UNITS_PER_WEIGHT=4
SPECULATION_ENABLED=0
