AVERAGE_WEIGHT_VALUE=0.04188777075873481
AVERAGE_INPUT_VALUE=0.08314262901191773
ADC_ACTION_SHARE=1.0
CIM_UNITS_PER_WEIGHT=4
SPECULATION_ENABLED=0
