AVERAGE_WEIGHT_VALUE=0.03477560679117839
AVERAGE_INPUT_VALUE=0.06271942699397723
ADC_ACTION_SHARE=1.0
CIM_UNITS_PER_WEIGHT=4
SPECULATION_ENABLED=0
