AVERAGE_WEIGHT_VALUE=0.03892636828952366
AVERAGE_INPUT_VALUE=0.116377371303566
ADC_ACTION_SHARE=1.0
CIM_UNITS_PER_WEIGHT=4
SPECULATION_ENABLED=0
