AVERAGE_WEIGHT_VALUE=0.032787291208902995
AVERAGE_INPUT_VALUE=0.07135718996853949
ADC_ACTION_SHARE=1.0
CIM_UNITS_PER_WEIGHT=4
SPECULATION_ENABLED=0
