AVERAGE_WEIGHT_VALUE=0.0424708366394043
AVERAGE_INPUT_VALUE=0.0821678136097446
ADC_ACTION_SHARE=1.0
CIM_UNITS_PER_WEIGHT=4
SPECULATION_ENABLED=0
