AVERAGE_WEIGHT_VALUE=0.04065762095981174
AVERAGE_INPUT_VALUE=0.11335684532064672
ADC_ACTION_SHARE=1.0
CIM_UNITS_PER_WEIGHT=4
SPECULATION_ENABLED=0
