AVERAGE_WEIGHT_VALUE=0.034465460644827944
AVERAGE_INPUT_VALUE=0.09177483167429447
ADC_ACTION_SHARE=1.0
CIM_UNITS_PER_WEIGHT=4
SPECULATION_ENABLED=0
