AVERAGE_WEIGHT_VALUE=0.1219684196015199
AVERAGE_INPUT_VALUE=0.07682094067784567
ADC_ACTION_SHARE=1.0
CIM_UNITS_PER_WEIGHT=4
SPECULATION_ENABLED=0
