AVERAGE_WEIGHT_VALUE=0.03903571234809027
AVERAGE_INPUT_VALUE=0.06693657274908288
ADC_ACTION_SHARE=1.0
CIM_UNITS_PER_WEIGHT=4
SPECULATION_ENABLED=0
