AVERAGE_WEIGHT_VALUE=0.1198615189952155
AVERAGE_INPUT_VALUE=0.12455922158260148
ADC_ACTION_SHARE=1.0
CIM_UNITS_PER_WEIGHT=4
SPECULATION_ENABLED=0
