AVERAGE_WEIGHT_VALUE=0.12045587731602912
AVERAGE_INPUT_VALUE=0.06765576767676636
ADC_ACTION_SHARE=1.0
CIM_UNITS_PER_WEIGHT=4
SPECULATION_ENABLED=0
