AVERAGE_WEIGHT_VALUE=0.03904601203070746
AVERAGE_INPUT_VALUE=0.11271506998240158
ADC_ACTION_SHARE=1.0
CIM_UNITS_PER_WEIGHT=4
SPECULATION_ENABLED=0
