AVERAGE_WEIGHT_VALUE=0.024635823567708333
AVERAGE_INPUT_VALUE=0.1776378925278329
ADC_ACTION_SHARE=1.0
CIM_UNITS_PER_WEIGHT=4
SPECULATION_ENABLED=0
