AVERAGE_WEIGHT_VALUE=0.10167965613460789
AVERAGE_INPUT_VALUE=0.07311973510568819
ADC_ACTION_SHARE=1.0
CIM_UNITS_PER_WEIGHT=4
SPECULATION_ENABLED=0
