AVERAGE_WEIGHT_VALUE=0.040010494656032985
AVERAGE_INPUT_VALUE=0.10739304543297687
ADC_ACTION_SHARE=1.0
CIM_UNITS_PER_WEIGHT=4
SPECULATION_ENABLED=0
