AVERAGE_WEIGHT_VALUE=0.03658328586154514
AVERAGE_INPUT_VALUE=0.08664660315263614
ADC_ACTION_SHARE=1.0
CIM_UNITS_PER_WEIGHT=4
SPECULATION_ENABLED=0
