AVERAGE_WEIGHT_VALUE=0.04181307686699762
AVERAGE_INPUT_VALUE=0.09221700482219924
ADC_ACTION_SHARE=1.0
CIM_UNITS_PER_WEIGHT=4
SPECULATION_ENABLED=0
