AVERAGE_WEIGHT_VALUE=0.031704044342041014
AVERAGE_INPUT_VALUE=0.062177900991128486
ADC_ACTION_SHARE=1.0
CIM_UNITS_PER_WEIGHT=4
SPECULATION_ENABLED=0
