AVERAGE_WEIGHT_VALUE=0.03729945077146921
AVERAGE_INPUT_VALUE=0.09447616865482888
ADC_ACTION_SHARE=1.0
CIM_UNITS_PER_WEIGHT=4
SPECULATION_ENABLED=0
