AVERAGE_WEIGHT_VALUE=0.03803986443413629
AVERAGE_INPUT_VALUE=0.07949072398075407
ADC_ACTION_SHARE=1.0
CIM_UNITS_PER_WEIGHT=4
SPECULATION_ENABLED=0
