AVERAGE_WEIGHT_VALUE=0.030674913194444445
AVERAGE_INPUT_VALUE=0.14076323077967862
ADC_ACTION_SHARE=1.0
CIM_UNITS_PER_WEIGHT=4
SPECULATION_ENABLED=0
