AVERAGE_WEIGHT_VALUE=0.047671011079930596
AVERAGE_INPUT_VALUE=0.8657167877916234
ADC_ACTION_SHARE=0.5628568720042942
CIM_UNITS_PER_WEIGHT=3
