AVERAGE_WEIGHT_VALUE=0.010027026929520844
AVERAGE_INPUT_VALUE=0.46209163933997927
ADC_ACTION_SHARE=0.3824094213850083
CIM_UNITS_PER_WEIGHT=8
