AVERAGE_WEIGHT_VALUE=0.0407807349479602
AVERAGE_INPUT_VALUE=0.1279629901835272
ADC_ACTION_SHARE=0.3930988125632317
CIM_UNITS_PER_WEIGHT=3
