AVERAGE_WEIGHT_VALUE=0.038732269251947095
AVERAGE_INPUT_VALUE=0.12237977011391746
ADC_ACTION_SHARE=0.40127967944469956
CIM_UNITS_PER_WEIGHT=3
