AVERAGE_WEIGHT_VALUE=0.04041020455640844
AVERAGE_INPUT_VALUE=0.11947134231700222
ADC_ACTION_SHARE=0.38972723142659654
CIM_UNITS_PER_WEIGHT=3
