AVERAGE_WEIGHT_VALUE=0.030292727342910237
AVERAGE_INPUT_VALUE=0.5883061944847334
ADC_ACTION_SHARE=0.46889590667240405
CIM_UNITS_PER_WEIGHT=3
