AVERAGE_WEIGHT_VALUE=0.03917748674543367
AVERAGE_INPUT_VALUE=0.5712806887085097
ADC_ACTION_SHARE=0.44696798674249777
CIM_UNITS_PER_WEIGHT=3
