AVERAGE_WEIGHT_VALUE=0.04020763587258343
AVERAGE_INPUT_VALUE=0.16109439610972587
ADC_ACTION_SHARE=0.3910464344755007
CIM_UNITS_PER_WEIGHT=3
