AVERAGE_WEIGHT_VALUE=0.03859759958771368
AVERAGE_INPUT_VALUE=0.11989285115638829
ADC_ACTION_SHARE=0.3848604177527337
CIM_UNITS_PER_WEIGHT=3
