AVERAGE_WEIGHT_VALUE=0.13531036376953126
AVERAGE_INPUT_VALUE=0.31833241923868716
ADC_ACTION_SHARE=0.540151903043287
CIM_UNITS_PER_WEIGHT=2
