AVERAGE_WEIGHT_VALUE=0.04400626288519965
AVERAGE_INPUT_VALUE=0.2797696100170643
ADC_ACTION_SHARE=0.4020822331109403
CIM_UNITS_PER_WEIGHT=3
