AVERAGE_WEIGHT_VALUE=0.04070125763408012
AVERAGE_INPUT_VALUE=0.31233379753052826
ADC_ACTION_SHARE=0.41478105096214835
CIM_UNITS_PER_WEIGHT=3
