AVERAGE_WEIGHT_VALUE=0.03709807094419375
AVERAGE_INPUT_VALUE=0.23213581279172119
ADC_ACTION_SHARE=0.41308797714124906
CIM_UNITS_PER_WEIGHT=3
