AVERAGE_WEIGHT_VALUE=0.03685598242381174
AVERAGE_INPUT_VALUE=0.34806799868802807
ADC_ACTION_SHARE=0.42363528531885297
CIM_UNITS_PER_WEIGHT=3
