AVERAGE_WEIGHT_VALUE=0.037200315283714896
AVERAGE_INPUT_VALUE=0.29365421153735616
ADC_ACTION_SHARE=0.4129587465055809
CIM_UNITS_PER_WEIGHT=3
