AVERAGE_WEIGHT_VALUE=0.040142486936464494
AVERAGE_INPUT_VALUE=0.2796196643085901
ADC_ACTION_SHARE=0.4491088095929679
CIM_UNITS_PER_WEIGHT=3
