AVERAGE_WEIGHT_VALUE=0.03822253716255849
AVERAGE_INPUT_VALUE=0.2828024876398931
ADC_ACTION_SHARE=0.4311211254432877
CIM_UNITS_PER_WEIGHT=3
