AVERAGE_WEIGHT_VALUE=0.038411739410366866
AVERAGE_INPUT_VALUE=0.3183338047486851
ADC_ACTION_SHARE=0.4401024992013518
CIM_UNITS_PER_WEIGHT=3
