AVERAGE_WEIGHT_VALUE=0.13365885416666667
AVERAGE_INPUT_VALUE=0.5712806897769793
ADC_ACTION_SHARE=0.5311172276251166
CIM_UNITS_PER_WEIGHT=2
