AVERAGE_WEIGHT_VALUE=0.03792136974839701
AVERAGE_INPUT_VALUE=0.5898801293451141
ADC_ACTION_SHARE=0.44489152188826764
CIM_UNITS_PER_WEIGHT=3
