AVERAGE_WEIGHT_VALUE=0.03892083834442828
AVERAGE_INPUT_VALUE=0.406708994580965
ADC_ACTION_SHARE=0.4384258511156231
CIM_UNITS_PER_WEIGHT=3
