AVERAGE_WEIGHT_VALUE=0.15781892836093903
AVERAGE_INPUT_VALUE=0.3456847204570151
ADC_ACTION_SHARE=1.0
CIM_UNITS_PER_WEIGHT=2
SPECULATION_ENABLED=0
