AVERAGE_WEIGHT_VALUE=0.04370417128213578
AVERAGE_INPUT_VALUE=0.1635184136329126
ADC_ACTION_SHARE=1.0
CIM_UNITS_PER_WEIGHT=3
SPECULATION_ENABLED=0
