AVERAGE_WEIGHT_VALUE=0.04427083248479499
AVERAGE_INPUT_VALUE=0.16118371559062575
ADC_ACTION_SHARE=1.0
CIM_UNITS_PER_WEIGHT=3
SPECULATION_ENABLED=0
