AVERAGE_WEIGHT_VALUE=0.13125247520705063
AVERAGE_INPUT_VALUE=0.1949032640080768
ADC_ACTION_SHARE=1.0
CIM_UNITS_PER_WEIGHT=2
SPECULATION_ENABLED=0
