AVERAGE_WEIGHT_VALUE=0.04295337038218147
AVERAGE_INPUT_VALUE=0.14637298616836572
ADC_ACTION_SHARE=1.0
CIM_UNITS_PER_WEIGHT=3
SPECULATION_ENABLED=0
