AVERAGE_WEIGHT_VALUE=0.15814974009990693
AVERAGE_INPUT_VALUE=0.06707695957291233
ADC_ACTION_SHARE=1.0
CIM_UNITS_PER_WEIGHT=2
SPECULATION_ENABLED=0
