AVERAGE_WEIGHT_VALUE=0.1285374525313576
AVERAGE_INPUT_VALUE=0.20148021445342287
ADC_ACTION_SHARE=1.0
CIM_UNITS_PER_WEIGHT=2
SPECULATION_ENABLED=0
