AVERAGE_WEIGHT_VALUE=0.03942726871205701
AVERAGE_INPUT_VALUE=0.21021670324267283
ADC_ACTION_SHARE=1.0
CIM_UNITS_PER_WEIGHT=3
SPECULATION_ENABLED=0
