AVERAGE_WEIGHT_VALUE=0.04331401048435105
AVERAGE_INPUT_VALUE=0.18084745987672504
ADC_ACTION_SHARE=1.0
CIM_UNITS_PER_WEIGHT=3
SPECULATION_ENABLED=0
