AVERAGE_WEIGHT_VALUE=0.03575852157341109
AVERAGE_INPUT_VALUE=0.16015701857895784
ADC_ACTION_SHARE=1.0
CIM_UNITS_PER_WEIGHT=3
SPECULATION_ENABLED=0
