AVERAGE_WEIGHT_VALUE=0.039092019697030383
AVERAGE_INPUT_VALUE=0.21790663467383062
ADC_ACTION_SHARE=1.0
CIM_UNITS_PER_WEIGHT=3
SPECULATION_ENABLED=0
