AVERAGE_WEIGHT_VALUE=0.1909482742349307
AVERAGE_INPUT_VALUE=0.18493490071132002
ADC_ACTION_SHARE=1.0
CIM_UNITS_PER_WEIGHT=2
SPECULATION_ENABLED=0
