AVERAGE_WEIGHT_VALUE=0.04106718136204614
AVERAGE_INPUT_VALUE=0.2109973046095143
ADC_ACTION_SHARE=1.0
CIM_UNITS_PER_WEIGHT=3
SPECULATION_ENABLED=0
