AVERAGE_WEIGHT_VALUE=0.16947636753320694
AVERAGE_INPUT_VALUE=0.1839103565801236
ADC_ACTION_SHARE=1.0
CIM_UNITS_PER_WEIGHT=2
SPECULATION_ENABLED=0
