AVERAGE_WEIGHT_VALUE=0.04321017457793156
AVERAGE_INPUT_VALUE=0.15975621457086425
ADC_ACTION_SHARE=1.0
CIM_UNITS_PER_WEIGHT=3
SPECULATION_ENABLED=0
