AVERAGE_WEIGHT_VALUE=0.043669902947213915
AVERAGE_INPUT_VALUE=0.1916853503198324
ADC_ACTION_SHARE=1.0
CIM_UNITS_PER_WEIGHT=3
SPECULATION_ENABLED=0
