AVERAGE_WEIGHT_VALUE=0.13378032793601355
AVERAGE_INPUT_VALUE=0.24816562437715065
ADC_ACTION_SHARE=1.0
CIM_UNITS_PER_WEIGHT=2
SPECULATION_ENABLED=0
