AVERAGE_WEIGHT_VALUE=0.04287719558924437
AVERAGE_INPUT_VALUE=0.19825388213745654
ADC_ACTION_SHARE=1.0
CIM_UNITS_PER_WEIGHT=3
SPECULATION_ENABLED=0
