AVERAGE_WEIGHT_VALUE=0.15347222338120142
AVERAGE_INPUT_VALUE=0.2933571321931349
ADC_ACTION_SHARE=1.0
CIM_UNITS_PER_WEIGHT=2
SPECULATION_ENABLED=0
