AVERAGE_WEIGHT_VALUE=0.14798850218454998
AVERAGE_INPUT_VALUE=0.24027031845876823
ADC_ACTION_SHARE=1.0
CIM_UNITS_PER_WEIGHT=2
SPECULATION_ENABLED=0
