AVERAGE_WEIGHT_VALUE=0.04252212902324067
AVERAGE_INPUT_VALUE=0.17865673205819615
ADC_ACTION_SHARE=1.0
CIM_UNITS_PER_WEIGHT=3
SPECULATION_ENABLED=0
