AVERAGE_WEIGHT_VALUE=0.04737337893909878
AVERAGE_INPUT_VALUE=0.14097006768083298
ADC_ACTION_SHARE=1.0
CIM_UNITS_PER_WEIGHT=4
SPECULATION_ENABLED=0
