AVERAGE_WEIGHT_VALUE=0.04828348490926955
AVERAGE_INPUT_VALUE=0.08722818936989075
ADC_ACTION_SHARE=1.0
CIM_UNITS_PER_WEIGHT=4
SPECULATION_ENABLED=0
