AVERAGE_WEIGHT_VALUE=0.04565444820457035
AVERAGE_INPUT_VALUE=0.12528934159983482
ADC_ACTION_SHARE=1.0
CIM_UNITS_PER_WEIGHT=4
SPECULATION_ENABLED=0
