AVERAGE_WEIGHT_VALUE=0.047759124967787
AVERAGE_INPUT_VALUE=0.09195437261195752
ADC_ACTION_SHARE=1.0
CIM_UNITS_PER_WEIGHT=4
SPECULATION_ENABLED=0
