AVERAGE_WEIGHT_VALUE=0.047247578038109674
AVERAGE_INPUT_VALUE=0.10939547793177463
ADC_ACTION_SHARE=1.0
CIM_UNITS_PER_WEIGHT=4
SPECULATION_ENABLED=0
