AVERAGE_WEIGHT_VALUE=0.04763556155893538
AVERAGE_INPUT_VALUE=0.06963058612166417
ADC_ACTION_SHARE=1.0
CIM_UNITS_PER_WEIGHT=4
SPECULATION_ENABLED=0
