AVERAGE_WEIGHT_VALUE=0.047196528646681044
AVERAGE_INPUT_VALUE=0.08203163568097131
ADC_ACTION_SHARE=1.0
CIM_UNITS_PER_WEIGHT=4
SPECULATION_ENABLED=0
