AVERAGE_WEIGHT_VALUE=0.0476534065273073
AVERAGE_INPUT_VALUE=0.15629742783465478
ADC_ACTION_SHARE=1.0
CIM_UNITS_PER_WEIGHT=4
SPECULATION_ENABLED=0
