AVERAGE_WEIGHT_VALUE=0.047526268164316814
AVERAGE_INPUT_VALUE=0.09754606079706447
ADC_ACTION_SHARE=1.0
CIM_UNITS_PER_WEIGHT=4
SPECULATION_ENABLED=0
