AVERAGE_WEIGHT_VALUE=0.047095914681752525
AVERAGE_INPUT_VALUE=0.14858590668997504
ADC_ACTION_SHARE=1.0
CIM_UNITS_PER_WEIGHT=4
SPECULATION_ENABLED=0
