AVERAGE_WEIGHT_VALUE=0.04690141214264764
AVERAGE_INPUT_VALUE=0.10150758247136753
ADC_ACTION_SHARE=1.0
CIM_UNITS_PER_WEIGHT=4
SPECULATION_ENABLED=0
