AVERAGE_WEIGHT_VALUE=0.0474647045135498
AVERAGE_INPUT_VALUE=0.1549310338150913
ADC_ACTION_SHARE=1.0
CIM_UNITS_PER_WEIGHT=4
SPECULATION_ENABLED=0
