AVERAGE_WEIGHT_VALUE=0.04746943480438656
AVERAGE_INPUT_VALUE=0.09890378082482164
ADC_ACTION_SHARE=1.0
CIM_UNITS_PER_WEIGHT=4
SPECULATION_ENABLED=0
