AVERAGE_WEIGHT_VALUE=0.04800779090987311
AVERAGE_INPUT_VALUE=0.07410131483105276
ADC_ACTION_SHARE=1.0
CIM_UNITS_PER_WEIGHT=4
SPECULATION_ENABLED=0
