AVERAGE_WEIGHT_VALUE=0.045946739117304486
AVERAGE_INPUT_VALUE=0.11498920363737854
ADC_ACTION_SHARE=1.0
CIM_UNITS_PER_WEIGHT=4
SPECULATION_ENABLED=0
