AVERAGE_WEIGHT_VALUE=0.04115425538685587
AVERAGE_INPUT_VALUE=0.07275360305465083
ADC_ACTION_SHARE=1.0
CIM_UNITS_PER_WEIGHT=4
SPECULATION_ENABLED=0
