AVERAGE_WEIGHT_VALUE=0.04735819531811609
AVERAGE_INPUT_VALUE=0.1400290057612041
ADC_ACTION_SHARE=1.0
CIM_UNITS_PER_WEIGHT=4
SPECULATION_ENABLED=0
