AVERAGE_WEIGHT_VALUE=0.04678602814674378
AVERAGE_INPUT_VALUE=0.127746168077528
ADC_ACTION_SHARE=1.0
CIM_UNITS_PER_WEIGHT=4
SPECULATION_ENABLED=0
