AVERAGE_WEIGHT_VALUE=0.04711855683061812
AVERAGE_INPUT_VALUE=0.09754606079706447
ADC_ACTION_SHARE=1.0
CIM_UNITS_PER_WEIGHT=4
SPECULATION_ENABLED=0
