AVERAGE_WEIGHT_VALUE=0.04697638683848911
AVERAGE_INPUT_VALUE=0.14850885866556804
ADC_ACTION_SHARE=1.0
CIM_UNITS_PER_WEIGHT=4
SPECULATION_ENABLED=0
