AVERAGE_WEIGHT_VALUE=0.048368576831287806
AVERAGE_INPUT_VALUE=0.10088887648265886
ADC_ACTION_SHARE=1.0
CIM_UNITS_PER_WEIGHT=4
SPECULATION_ENABLED=0
