AVERAGE_WEIGHT_VALUE=0.04808095428678725
AVERAGE_INPUT_VALUE=0.09488070527347327
ADC_ACTION_SHARE=1.0
CIM_UNITS_PER_WEIGHT=4
SPECULATION_ENABLED=0
