AVERAGE_WEIGHT_VALUE=0.04667490290270911
AVERAGE_INPUT_VALUE=0.12113655650102717
ADC_ACTION_SHARE=1.0
CIM_UNITS_PER_WEIGHT=4
SPECULATION_ENABLED=0
