AVERAGE_WEIGHT_VALUE=0.04634763068623013
AVERAGE_INPUT_VALUE=0.10949646346021062
ADC_ACTION_SHARE=1.0
CIM_UNITS_PER_WEIGHT=4
SPECULATION_ENABLED=0
