AVERAGE_WEIGHT_VALUE=0.044666394260194565
AVERAGE_INPUT_VALUE=0.08350171326169539
ADC_ACTION_SHARE=1.0
CIM_UNITS_PER_WEIGHT=4
SPECULATION_ENABLED=0
