AVERAGE_WEIGHT_VALUE=0.047859023014704384
AVERAGE_INPUT_VALUE=0.1660213445331717
ADC_ACTION_SHARE=1.0
CIM_UNITS_PER_WEIGHT=4
SPECULATION_ENABLED=0
